1 1 0 100 0.9 5730674 0
1 1 500 100 0.9 5670120 17
1 1 1000 100 0.9 5657876 33
1 1 1500 100 0.9 5657876 49
1 1 2000 100 0.9 5657876 65
1 1 2500 100 0.9 5657876 81
1 1 3000 100 0.9 5657876 97
1 1 3500 100 0.9 5657876 112
1 1 4000 100 0.9 5657876 128
1 1 4500 100 0.9 5643630 144
1 1 5000 100 0.9 5643630 160
1 1 5500 100 0.9 5643630 175
1 1 6000 100 0.9 5643630 191
1 1 6500 100 0.9 5643630 207
1 1 7000 100 0.9 5643630 222
1 1 7500 100 0.9 5643630 238
1 1 8000 100 0.9 5643630 254
1 1 8500 100 0.9 5643630 269
1 1 9000 100 0.9 5643630 285
1 1 9500 100 0.9 5643630 301
1 1 10000 100 0.9 5629014 317
1 2 0 100 0.9 5766414 0
1 2 500 100 0.9 5661956 16
1 2 1000 100 0.9 5661956 32
1 2 1500 100 0.9 5661956 48
1 2 2000 100 0.9 5653730 64
1 2 2500 100 0.9 5653730 79
1 2 3000 100 0.9 5653730 95
1 2 3500 100 0.9 5653730 111
1 2 4000 100 0.9 5644364 127
1 2 4500 100 0.9 5642550 143
1 2 5000 100 0.9 5642550 158
1 2 5500 100 0.9 5635188 174
1 2 6000 100 0.9 5635188 190
1 2 6500 100 0.9 5635188 206
1 2 7000 100 0.9 5635188 222
1 2 7500 100 0.9 5635188 238
1 2 8000 100 0.9 5635188 254
1 2 8500 100 0.9 5635188 269
1 2 9000 100 0.9 5635188 285
1 2 9500 100 0.9 5635188 302
1 2 10000 100 0.9 5635188 318
1 3 0 100 0.9 5728012 0
1 3 500 100 0.9 5646670 16
1 3 1000 100 0.9 5646632 32
1 3 1500 100 0.9 5646632 48
1 3 2000 100 0.9 5646632 63
1 3 2500 100 0.9 5646632 79
1 3 3000 100 0.9 5592378 95
1 3 3500 100 0.9 5592378 111
1 3 4000 100 0.9 5592378 127
1 3 4500 100 0.9 5592378 142
1 3 5000 100 0.9 5592378 158
1 3 5500 100 0.9 5592378 174
1 3 6000 100 0.9 5592378 189
1 3 6500 100 0.9 5592378 205
1 3 7000 100 0.9 5592378 221
1 3 7500 100 0.9 5592378 236
1 3 8000 100 0.9 5592378 252
1 3 8500 100 0.9 5592378 268
1 3 9000 100 0.9 5592378 284
1 3 9500 100 0.9 5592378 299
1 3 10000 100 0.9 5592378 315
1 4 0 100 0.9 5747022 0
1 4 500 100 0.9 5673306 16
1 4 1000 100 0.9 5668716 32
1 4 1500 100 0.9 5606402 48
1 4 2000 100 0.9 5606402 64
1 4 2500 100 0.9 5606402 79
1 4 3000 100 0.9 5606402 96
1 4 3500 100 0.9 5606402 111
1 4 4000 100 0.9 5606402 127
1 4 4500 100 0.9 5606402 143
1 4 5000 100 0.9 5606402 158
1 4 5500 100 0.9 5606402 174
1 4 6000 100 0.9 5606402 190
1 4 6500 100 0.9 5606402 205
1 4 7000 100 0.9 5606402 221
1 4 7500 100 0.9 5606402 237
1 4 8000 100 0.9 5606402 253
1 4 8500 100 0.9 5606402 268
1 4 9000 100 0.9 5606402 284
1 4 9500 100 0.9 5606402 300
1 4 10000 100 0.9 5606402 316
1 5 0 100 0.9 5737624 0
1 5 500 100 0.9 5668160 16
1 5 1000 100 0.9 5666672 32
1 5 1500 100 0.9 5666672 48
1 5 2000 100 0.9 5611340 63
1 5 2500 100 0.9 5611340 79
1 5 3000 100 0.9 5611340 95
1 5 3500 100 0.9 5611340 111
1 5 4000 100 0.9 5611340 126
1 5 4500 100 0.9 5611340 142
1 5 5000 100 0.9 5611340 158
1 5 5500 100 0.9 5611340 174
1 5 6000 100 0.9 5611340 191
1 5 6500 100 0.9 5611340 207
1 5 7000 100 0.9 5611340 222
1 5 7500 100 0.9 5611340 238
1 5 8000 100 0.9 5611340 254
1 5 8500 100 0.9 5611340 270
1 5 9000 100 0.9 5611340 286
1 5 9500 100 0.9 5611340 302
1 5 10000 100 0.9 5611340 318
2 1 0 100 0.5 5730674 0
2 1 500 100 0.5 5670120 16
2 1 1000 100 0.5 5657876 32
2 1 1500 100 0.5 5657876 50
2 1 2000 100 0.5 5657876 67
2 1 2500 100 0.5 5657876 83
2 1 3000 100 0.5 5657876 99
2 1 3500 100 0.5 5657876 114
2 1 4000 100 0.5 5657876 130
2 1 4500 100 0.5 5643630 146
2 1 5000 100 0.5 5643630 162
2 1 5500 100 0.5 5643630 178
2 1 6000 100 0.5 5643630 193
2 1 6500 100 0.5 5643630 209
2 1 7000 100 0.5 5643630 225
2 1 7500 100 0.5 5643630 241
2 1 8000 100 0.5 5643630 256
2 1 8500 100 0.5 5643630 273
2 1 9000 100 0.5 5643630 288
2 1 9500 100 0.5 5643630 304
2 1 10000 100 0.5 5629014 321
2 2 0 100 0.5 5766414 0
2 2 500 100 0.5 5661956 17
2 2 1000 100 0.5 5661956 32
2 2 1500 100 0.5 5661956 48
2 2 2000 100 0.5 5653730 64
2 2 2500 100 0.5 5653730 79
2 2 3000 100 0.5 5653730 95
2 2 3500 100 0.5 5653730 111
2 2 4000 100 0.5 5644364 127
2 2 4500 100 0.5 5642550 142
2 2 5000 100 0.5 5642550 158
2 2 5500 100 0.5 5635188 174
2 2 6000 100 0.5 5635188 190
2 2 6500 100 0.5 5635188 206
2 2 7000 100 0.5 5635188 221
2 2 7500 100 0.5 5635188 237
2 2 8000 100 0.5 5635188 253
2 2 8500 100 0.5 5635188 268
2 2 9000 100 0.5 5635188 284
2 2 9500 100 0.5 5635188 300
2 2 10000 100 0.5 5635188 315
2 3 0 100 0.5 5728012 0
2 3 500 100 0.5 5646670 16
2 3 1000 100 0.5 5646632 33
2 3 1500 100 0.5 5646632 49
2 3 2000 100 0.5 5646632 65
2 3 2500 100 0.5 5646632 81
2 3 3000 100 0.5 5592378 97
2 3 3500 100 0.5 5592378 113
2 3 4000 100 0.5 5592378 129
2 3 4500 100 0.5 5592378 145
2 3 5000 100 0.5 5592378 161
2 3 5500 100 0.5 5592378 177
2 3 6000 100 0.5 5592378 193
2 3 6500 100 0.5 5592378 209
2 3 7000 100 0.5 5592378 225
2 3 7500 100 0.5 5592378 241
2 3 8000 100 0.5 5592378 257
2 3 8500 100 0.5 5592378 273
2 3 9000 100 0.5 5592378 289
2 3 9500 100 0.5 5592378 305
2 3 10000 100 0.5 5592378 320
2 4 0 100 0.5 5747022 0
2 4 500 100 0.5 5673306 16
2 4 1000 100 0.5 5668716 32
2 4 1500 100 0.5 5606402 48
2 4 2000 100 0.5 5606402 63
2 4 2500 100 0.5 5606402 79
2 4 3000 100 0.5 5606402 95
2 4 3500 100 0.5 5606402 110
2 4 4000 100 0.5 5606402 126
2 4 4500 100 0.5 5606402 141
2 4 5000 100 0.5 5606402 158
2 4 5500 100 0.5 5606402 174
2 4 6000 100 0.5 5606402 190
2 4 6500 100 0.5 5606402 206
2 4 7000 100 0.5 5606402 222
2 4 7500 100 0.5 5606402 237
2 4 8000 100 0.5 5606402 253
2 4 8500 100 0.5 5606402 269
2 4 9000 100 0.5 5606402 284
2 4 9500 100 0.5 5606402 300
2 4 10000 100 0.5 5606402 316
2 5 0 100 0.5 5737624 0
2 5 500 100 0.5 5668160 16
2 5 1000 100 0.5 5666672 32
2 5 1500 100 0.5 5666672 48
2 5 2000 100 0.5 5611340 63
2 5 2500 100 0.5 5611340 79
2 5 3000 100 0.5 5611340 95
2 5 3500 100 0.5 5611340 110
2 5 4000 100 0.5 5611340 126
2 5 4500 100 0.5 5611340 142
2 5 5000 100 0.5 5611340 158
2 5 5500 100 0.5 5611340 174
2 5 6000 100 0.5 5611340 190
2 5 6500 100 0.5 5611340 205
2 5 7000 100 0.5 5611340 220
2 5 7500 100 0.5 5611340 236
2 5 8000 100 0.5 5611340 251
2 5 8500 100 0.5 5611340 266
2 5 9000 100 0.5 5611340 282
2 5 9500 100 0.5 5611340 298
2 5 10000 100 0.5 5611340 314
3 1 0 10 0.9 5827206 0
3 1 500 10 0.9 5679468 1
3 1 1000 10 0.9 5679468 3
3 1 1500 10 0.9 5679468 4
3 1 2000 10 0.9 5679468 6
3 1 2500 10 0.9 5679468 8
3 1 3000 10 0.9 5675722 9
3 1 3500 10 0.9 5675722 11
3 1 4000 10 0.9 5670120 13
3 1 4500 10 0.9 5670120 14
3 1 5000 10 0.9 5670120 16
3 1 5500 10 0.9 5670120 17
3 1 6000 10 0.9 5670120 19
3 1 6500 10 0.9 5670120 21
3 1 7000 10 0.9 5670120 22
3 1 7500 10 0.9 5670120 24
3 1 8000 10 0.9 5669750 25
3 1 8500 10 0.9 5657876 27
3 1 9000 10 0.9 5657876 28
3 1 9500 10 0.9 5657876 30
3 1 10000 10 0.9 5657876 32
3 2 0 10 0.9 5821700 0
3 2 500 10 0.9 5697098 1
3 2 1000 10 0.9 5693104 3
3 2 1500 10 0.9 5680734 4
3 2 2000 10 0.9 5680734 6
3 2 2500 10 0.9 5661956 8
3 2 3000 10 0.9 5661956 9
3 2 3500 10 0.9 5661956 11
3 2 4000 10 0.9 5661956 12
3 2 4500 10 0.9 5661956 14
3 2 5000 10 0.9 5661956 15
3 2 5500 10 0.9 5661956 17
3 2 6000 10 0.9 5661956 19
3 2 6500 10 0.9 5661956 20
3 2 7000 10 0.9 5661956 22
3 2 7500 10 0.9 5661956 23
3 2 8000 10 0.9 5661956 25
3 2 8500 10 0.9 5661956 26
3 2 9000 10 0.9 5661956 28
3 2 9500 10 0.9 5661956 29
3 2 10000 10 0.9 5661956 31
3 3 0 10 0.9 5879740 0
3 3 500 10 0.9 5712990 1
3 3 1000 10 0.9 5646670 3
3 3 1500 10 0.9 5646670 4
3 3 2000 10 0.9 5646670 6
3 3 2500 10 0.9 5646670 7
3 3 3000 10 0.9 5646670 9
3 3 3500 10 0.9 5646670 10
3 3 4000 10 0.9 5646670 12
3 3 4500 10 0.9 5646670 13
3 3 5000 10 0.9 5646670 15
3 3 5500 10 0.9 5646670 16
3 3 6000 10 0.9 5646670 18
3 3 6500 10 0.9 5646670 20
3 3 7000 10 0.9 5646670 21
3 3 7500 10 0.9 5646670 23
3 3 8000 10 0.9 5646670 24
3 3 8500 10 0.9 5646670 26
3 3 9000 10 0.9 5646670 28
3 3 9500 10 0.9 5646670 29
3 3 10000 10 0.9 5646632 31
3 4 0 10 0.9 5790518 0
3 4 500 10 0.9 5679560 1
3 4 1000 10 0.9 5679560 3
3 4 1500 10 0.9 5679560 5
3 4 2000 10 0.9 5677058 6
3 4 2500 10 0.9 5677058 8
3 4 3000 10 0.9 5677058 9
3 4 3500 10 0.9 5677058 11
3 4 4000 10 0.9 5677058 13
3 4 4500 10 0.9 5677058 14
3 4 5000 10 0.9 5673306 16
3 4 5500 10 0.9 5673306 17
3 4 6000 10 0.9 5673306 19
3 4 6500 10 0.9 5673306 20
3 4 7000 10 0.9 5673306 22
3 4 7500 10 0.9 5673306 24
3 4 8000 10 0.9 5673306 26
3 4 8500 10 0.9 5668716 27
3 4 9000 10 0.9 5668716 29
3 4 9500 10 0.9 5668716 30
3 4 10000 10 0.9 5668716 32
3 5 0 10 0.9 5751798 0
3 5 500 10 0.9 5688962 1
3 5 1000 10 0.9 5668160 3
3 5 1500 10 0.9 5668160 4
3 5 2000 10 0.9 5668160 6
3 5 2500 10 0.9 5668160 8
3 5 3000 10 0.9 5668160 9
3 5 3500 10 0.9 5668160 11
3 5 4000 10 0.9 5668160 12
3 5 4500 10 0.9 5668160 14
3 5 5000 10 0.9 5668160 15
3 5 5500 10 0.9 5668160 17
3 5 6000 10 0.9 5668160 18
3 5 6500 10 0.9 5668160 20
3 5 7000 10 0.9 5668160 22
3 5 7500 10 0.9 5668160 23
3 5 8000 10 0.9 5668160 25
3 5 8500 10 0.9 5666672 27
3 5 9000 10 0.9 5666672 28
3 5 9500 10 0.9 5666672 30
3 5 10000 10 0.9 5666672 31
4 1 0 10 0.5 5827206 0
4 1 500 10 0.5 5679468 1
4 1 1000 10 0.5 5679468 3
4 1 1500 10 0.5 5679468 4
4 1 2000 10 0.5 5679468 6
4 1 2500 10 0.5 5679468 8
4 1 3000 10 0.5 5675722 10
4 1 3500 10 0.5 5675722 11
4 1 4000 10 0.5 5670120 13
4 1 4500 10 0.5 5670120 14
4 1 5000 10 0.5 5670120 16
4 1 5500 10 0.5 5670120 18
4 1 6000 10 0.5 5670120 19
4 1 6500 10 0.5 5670120 21
4 1 7000 10 0.5 5670120 22
4 1 7500 10 0.5 5670120 24
4 1 8000 10 0.5 5669750 26
4 1 8500 10 0.5 5657876 27
4 1 9000 10 0.5 5657876 29
4 1 9500 10 0.5 5657876 31
4 1 10000 10 0.5 5657876 32
4 2 0 10 0.5 5821700 0
4 2 500 10 0.5 5697098 1
4 2 1000 10 0.5 5693104 3
4 2 1500 10 0.5 5680734 5
4 2 2000 10 0.5 5680734 6
4 2 2500 10 0.5 5661956 8
4 2 3000 10 0.5 5661956 10
4 2 3500 10 0.5 5661956 12
4 2 4000 10 0.5 5661956 13
4 2 4500 10 0.5 5661956 15
4 2 5000 10 0.5 5661956 17
4 2 5500 10 0.5 5661956 18
4 2 6000 10 0.5 5661956 20
4 2 6500 10 0.5 5661956 21
4 2 7000 10 0.5 5661956 23
4 2 7500 10 0.5 5661956 25
4 2 8000 10 0.5 5661956 26
4 2 8500 10 0.5 5661956 28
4 2 9000 10 0.5 5661956 29
4 2 9500 10 0.5 5661956 31
4 2 10000 10 0.5 5661956 32
4 3 0 10 0.5 5879740 0
4 3 500 10 0.5 5712990 1
4 3 1000 10 0.5 5646670 3
4 3 1500 10 0.5 5646670 5
4 3 2000 10 0.5 5646670 6
4 3 2500 10 0.5 5646670 8
4 3 3000 10 0.5 5646670 9
4 3 3500 10 0.5 5646670 11
4 3 4000 10 0.5 5646670 12
4 3 4500 10 0.5 5646670 14
4 3 5000 10 0.5 5646670 16
4 3 5500 10 0.5 5646670 17
4 3 6000 10 0.5 5646670 19
4 3 6500 10 0.5 5646670 20
4 3 7000 10 0.5 5646670 22
4 3 7500 10 0.5 5646670 24
4 3 8000 10 0.5 5646670 25
4 3 8500 10 0.5 5646670 27
4 3 9000 10 0.5 5646670 28
4 3 9500 10 0.5 5646670 30
4 3 10000 10 0.5 5646632 31
4 4 0 10 0.5 5790518 0
4 4 500 10 0.5 5679560 1
4 4 1000 10 0.5 5679560 3
4 4 1500 10 0.5 5679560 4
4 4 2000 10 0.5 5677058 6
4 4 2500 10 0.5 5677058 8
4 4 3000 10 0.5 5677058 9
4 4 3500 10 0.5 5677058 11
4 4 4000 10 0.5 5677058 13
4 4 4500 10 0.5 5677058 14
4 4 5000 10 0.5 5673306 16
4 4 5500 10 0.5 5673306 18
4 4 6000 10 0.5 5673306 20
4 4 6500 10 0.5 5673306 21
4 4 7000 10 0.5 5673306 23
4 4 7500 10 0.5 5673306 25
4 4 8000 10 0.5 5673306 26
4 4 8500 10 0.5 5668716 28
4 4 9000 10 0.5 5668716 29
4 4 9500 10 0.5 5668716 31
4 4 10000 10 0.5 5668716 33
4 5 0 10 0.5 5751798 0
4 5 500 10 0.5 5688962 1
4 5 1000 10 0.5 5668160 3
4 5 1500 10 0.5 5668160 5
4 5 2000 10 0.5 5668160 6
4 5 2500 10 0.5 5668160 8
4 5 3000 10 0.5 5668160 9
4 5 3500 10 0.5 5668160 11
4 5 4000 10 0.5 5668160 13
4 5 4500 10 0.5 5668160 14
4 5 5000 10 0.5 5668160 16
4 5 5500 10 0.5 5668160 17
4 5 6000 10 0.5 5668160 19
4 5 6500 10 0.5 5668160 21
4 5 7000 10 0.5 5668160 22
4 5 7500 10 0.5 5668160 24
4 5 8000 10 0.5 5668160 25
4 5 8500 10 0.5 5666672 27
4 5 9000 10 0.5 5666672 28
4 5 9500 10 0.5 5666672 30
4 5 10000 10 0.5 5666672 32
5 1 0 100 0.1 5730674 0
5 1 500 100 0.1 5670120 16
5 1 1000 100 0.1 5657876 31
5 1 1500 100 0.1 5657876 47
5 1 2000 100 0.1 5657876 62
5 1 2500 100 0.1 5657876 78
5 1 3000 100 0.1 5657876 93
5 1 3500 100 0.1 5654070 109
5 1 4000 100 0.1 5654070 124
5 1 4500 100 0.1 5654070 140
5 1 5000 100 0.1 5652938 155
5 1 5500 100 0.1 5652938 171
5 1 6000 100 0.1 5650350 187
5 1 6500 100 0.1 5616726 204
5 1 7000 100 0.1 5616726 219
5 1 7500 100 0.1 5616726 235
5 1 8000 100 0.1 5593816 251
5 1 8500 100 0.1 5593816 266
5 1 9000 100 0.1 5593816 281
5 1 9500 100 0.1 5593816 296
5 1 10000 100 0.1 5593816 311
5 2 0 100 0.1 5766414 0
5 2 500 100 0.1 5649570 16
5 2 1000 100 0.1 5643856 32
5 2 1500 100 0.1 5643856 47
5 2 2000 100 0.1 5643856 62
5 2 2500 100 0.1 5643856 78
5 2 3000 100 0.1 5635604 93
5 2 3500 100 0.1 5635604 109
5 2 4000 100 0.1 5635604 124
5 2 4500 100 0.1 5630770 139
5 2 5000 100 0.1 5630770 155
5 2 5500 100 0.1 5630770 170
5 2 6000 100 0.1 5630770 185
5 2 6500 100 0.1 5630770 201
5 2 7000 100 0.1 5616252 217
5 2 7500 100 0.1 5616252 233
5 2 8000 100 0.1 5616202 249
5 2 8500 100 0.1 5616202 266
5 2 9000 100 0.1 5614590 282
5 2 9500 100 0.1 5612286 298
5 2 10000 100 0.1 5581716 315
5 3 0 100 0.1 5728012 1
5 3 500 100 0.1 5646670 17
5 3 1000 100 0.1 5646632 34
5 3 1500 100 0.1 5646632 49
5 3 2000 100 0.1 5646632 64
5 3 2500 100 0.1 5646632 80
5 3 3000 100 0.1 5592378 95
5 3 3500 100 0.1 5592378 110
5 3 4000 100 0.1 5592378 126
5 3 4500 100 0.1 5592378 142
5 3 5000 100 0.1 5592378 158
5 3 5500 100 0.1 5592378 174
5 3 6000 100 0.1 5592378 190
5 3 6500 100 0.1 5592378 206
5 3 7000 100 0.1 5592378 221
5 3 7500 100 0.1 5592378 237
5 3 8000 100 0.1 5592378 254
5 3 8500 100 0.1 5592378 270
5 3 9000 100 0.1 5592378 286
5 3 9500 100 0.1 5592378 301
5 3 10000 100 0.1 5592378 317
5 4 0 100 0.1 5747022 0
5 4 500 100 0.1 5673306 16
5 4 1000 100 0.1 5668716 32
5 4 1500 100 0.1 5661950 48
5 4 2000 100 0.1 5631734 64
5 4 2500 100 0.1 5631734 80
5 4 3000 100 0.1 5589062 95
5 4 3500 100 0.1 5588660 111
5 4 4000 100 0.1 5588660 126
5 4 4500 100 0.1 5588660 141
5 4 5000 100 0.1 5584940 157
5 4 5500 100 0.1 5584940 172
5 4 6000 100 0.1 5584940 188
5 4 6500 100 0.1 5584940 204
5 4 7000 100 0.1 5584940 220
5 4 7500 100 0.1 5584940 235
5 4 8000 100 0.1 5584940 250
5 4 8500 100 0.1 5584940 266
5 4 9000 100 0.1 5584940 281
5 4 9500 100 0.1 5584940 297
5 4 10000 100 0.1 5584940 313
5 5 0 100 0.1 5737624 0
5 5 500 100 0.1 5668160 16
5 5 1000 100 0.1 5666426 31
5 5 1500 100 0.1 5666426 46
5 5 2000 100 0.1 5651966 61
5 5 2500 100 0.1 5651966 76
5 5 3000 100 0.1 5645978 92
5 5 3500 100 0.1 5631922 107
5 5 4000 100 0.1 5631922 122
5 5 4500 100 0.1 5631922 137
5 5 5000 100 0.1 5631922 152
5 5 5500 100 0.1 5631922 167
5 5 6000 100 0.1 5631922 183
5 5 6500 100 0.1 5631922 198
5 5 7000 100 0.1 5631922 213
5 5 7500 100 0.1 5631922 228
5 5 8000 100 0.1 5631922 244
5 5 8500 100 0.1 5631922 259
5 5 9000 100 0.1 5631922 275
5 5 9500 100 0.1 5631922 291
5 5 10000 100 0.1 5631922 306
6 1 0 10 0.1 5827206 0
6 1 500 10 0.1 5679468 1
6 1 1000 10 0.1 5679468 3
6 1 1500 10 0.1 5679468 4
6 1 2000 10 0.1 5679468 6
6 1 2500 10 0.1 5679468 7
6 1 3000 10 0.1 5675722 9
6 1 3500 10 0.1 5675722 11
6 1 4000 10 0.1 5670120 12
6 1 4500 10 0.1 5670120 14
6 1 5000 10 0.1 5670120 15
6 1 5500 10 0.1 5670120 17
6 1 6000 10 0.1 5670120 18
6 1 6500 10 0.1 5670120 20
6 1 7000 10 0.1 5670120 22
6 1 7500 10 0.1 5670120 23
6 1 8000 10 0.1 5670120 25
6 1 8500 10 0.1 5657876 26
6 1 9000 10 0.1 5657876 28
6 1 9500 10 0.1 5657876 30
6 1 10000 10 0.1 5657876 31
6 2 0 10 0.1 5821700 0
6 2 500 10 0.1 5697098 1
6 2 1000 10 0.1 5697098 3
6 2 1500 10 0.1 5677348 5
6 2 2000 10 0.1 5677348 6
6 2 2500 10 0.1 5677348 8
6 2 3000 10 0.1 5627716 9
6 2 3500 10 0.1 5605968 11
6 2 4000 10 0.1 5605968 13
6 2 4500 10 0.1 5572976 14
6 2 5000 10 0.1 5572976 16
6 2 5500 10 0.1 5572976 17
6 2 6000 10 0.1 5572976 19
6 2 6500 10 0.1 5572976 20
6 2 7000 10 0.1 5572976 22
6 2 7500 10 0.1 5572976 23
6 2 8000 10 0.1 5572976 25
6 2 8500 10 0.1 5572976 26
6 2 9000 10 0.1 5572976 28
6 2 9500 10 0.1 5572976 30
6 2 10000 10 0.1 5572976 31
6 3 0 10 0.1 5879740 0
6 3 500 10 0.1 5712990 1
6 3 1000 10 0.1 5657760 3
6 3 1500 10 0.1 5657760 4
6 3 2000 10 0.1 5657760 6
6 3 2500 10 0.1 5657760 8
6 3 3000 10 0.1 5657760 9
6 3 3500 10 0.1 5638272 11
6 3 4000 10 0.1 5638272 13
6 3 4500 10 0.1 5638272 14
6 3 5000 10 0.1 5638272 16
6 3 5500 10 0.1 5638272 17
6 3 6000 10 0.1 5638272 19
6 3 6500 10 0.1 5638272 21
6 3 7000 10 0.1 5638272 22
6 3 7500 10 0.1 5638272 24
6 3 8000 10 0.1 5638272 26
6 3 8500 10 0.1 5638272 27
6 3 9000 10 0.1 5638272 29
6 3 9500 10 0.1 5638272 30
6 3 10000 10 0.1 5638272 32
6 4 0 10 0.1 5790518 0
6 4 500 10 0.1 5679560 1
6 4 1000 10 0.1 5679560 3
6 4 1500 10 0.1 5679560 4
6 4 2000 10 0.1 5677058 6
6 4 2500 10 0.1 5677058 7
6 4 3000 10 0.1 5677058 9
6 4 3500 10 0.1 5677058 11
6 4 4000 10 0.1 5656984 12
6 4 4500 10 0.1 5656984 14
6 4 5000 10 0.1 5656984 16
6 4 5500 10 0.1 5656984 17
6 4 6000 10 0.1 5656984 19
6 4 6500 10 0.1 5656984 20
6 4 7000 10 0.1 5656984 22
6 4 7500 10 0.1 5656984 23
6 4 8000 10 0.1 5656984 25
6 4 8500 10 0.1 5656984 26
6 4 9000 10 0.1 5656984 28
6 4 9500 10 0.1 5656984 29
6 4 10000 10 0.1 5655294 31
6 5 0 10 0.1 5751798 0
6 5 500 10 0.1 5688962 1
6 5 1000 10 0.1 5668160 3
6 5 1500 10 0.1 5668160 4
6 5 2000 10 0.1 5668160 6
6 5 2500 10 0.1 5668160 7
6 5 3000 10 0.1 5668160 9
6 5 3500 10 0.1 5668160 10
6 5 4000 10 0.1 5668160 12
6 5 4500 10 0.1 5668160 13
6 5 5000 10 0.1 5668160 15
6 5 5500 10 0.1 5668160 16
6 5 6000 10 0.1 5668160 18
6 5 6500 10 0.1 5666426 19
6 5 7000 10 0.1 5666426 21
6 5 7500 10 0.1 5666426 23
6 5 8000 10 0.1 5666426 24
6 5 8500 10 0.1 5666426 26
6 5 9000 10 0.1 5666426 27
6 5 9500 10 0.1 5666426 29
6 5 10000 10 0.1 5666426 30
