1 1 0 100 0.9 5721942 0
1 1 500 100 0.9 5640276 16
1 1 1000 100 0.9 5640276 31
1 1 1500 100 0.9 5640276 47
1 1 2000 100 0.9 5640276 63
1 1 2500 100 0.9 5640276 79
1 1 3000 100 0.9 5640276 94
1 1 3500 100 0.9 5640276 110
1 1 4000 100 0.9 5638396 125
1 1 4500 100 0.9 5618890 141
1 1 5000 100 0.9 5618890 157
1 1 5500 100 0.9 5618890 172
1 1 6000 100 0.9 5618890 188
1 1 6500 100 0.9 5618890 203
1 1 7000 100 0.9 5618890 219
1 1 7500 100 0.9 5618890 234
1 1 8000 100 0.9 5618890 250
1 1 8500 100 0.9 5618890 267
1 1 9000 100 0.9 5618890 282
1 1 9500 100 0.9 5618890 298
1 1 10000 100 0.9 5618890 313
1 2 0 100 0.9 5769742 0
1 2 500 100 0.9 5646232 16
1 2 1000 100 0.9 5646232 31
1 2 1500 100 0.9 5646232 47
1 2 2000 100 0.9 5646232 62
1 2 2500 100 0.9 5646232 78
1 2 3000 100 0.9 5622104 93
1 2 3500 100 0.9 5611656 109
1 2 4000 100 0.9 5611656 124
1 2 4500 100 0.9 5611656 140
1 2 5000 100 0.9 5608072 155
1 2 5500 100 0.9 5608072 171
1 2 6000 100 0.9 5608072 186
1 2 6500 100 0.9 5608072 201
1 2 7000 100 0.9 5608072 217
1 2 7500 100 0.9 5607070 232
1 2 8000 100 0.9 5607070 247
1 2 8500 100 0.9 5607070 263
1 2 9000 100 0.9 5607070 278
1 2 9500 100 0.9 5607070 293
1 2 10000 100 0.9 5607070 309
1 3 0 100 0.9 5737604 0
1 3 500 100 0.9 5668776 16
1 3 1000 100 0.9 5631150 31
1 3 1500 100 0.9 5631150 47
1 3 2000 100 0.9 5631150 63
1 3 2500 100 0.9 5631150 78
1 3 3000 100 0.9 5631150 94
1 3 3500 100 0.9 5609544 110
1 3 4000 100 0.9 5609544 126
1 3 4500 100 0.9 5609544 141
1 3 5000 100 0.9 5609544 156
1 3 5500 100 0.9 5609544 172
1 3 6000 100 0.9 5609544 187
1 3 6500 100 0.9 5609544 203
1 3 7000 100 0.9 5609544 218
1 3 7500 100 0.9 5609544 233
1 3 8000 100 0.9 5609544 249
1 3 8500 100 0.9 5598218 264
1 3 9000 100 0.9 5598218 279
1 3 9500 100 0.9 5598218 294
1 3 10000 100 0.9 5598218 310
1 4 0 100 0.9 5764710 0
1 4 500 100 0.9 5665328 16
1 4 1000 100 0.9 5665328 31
1 4 1500 100 0.9 5645418 46
1 4 2000 100 0.9 5621660 61
1 4 2500 100 0.9 5621660 76
1 4 3000 100 0.9 5621660 92
1 4 3500 100 0.9 5621660 107
1 4 4000 100 0.9 5621660 122
1 4 4500 100 0.9 5621660 137
1 4 5000 100 0.9 5621660 153
1 4 5500 100 0.9 5621660 168
1 4 6000 100 0.9 5621660 183
1 4 6500 100 0.9 5621660 199
1 4 7000 100 0.9 5621660 214
1 4 7500 100 0.9 5621660 229
1 4 8000 100 0.9 5621660 244
1 4 8500 100 0.9 5621660 259
1 4 9000 100 0.9 5621660 274
1 4 9500 100 0.9 5621660 289
1 4 10000 100 0.9 5621660 304
1 5 0 100 0.9 5771504 0
1 5 500 100 0.9 5667140 16
1 5 1000 100 0.9 5644640 32
1 5 1500 100 0.9 5643466 48
1 5 2000 100 0.9 5643466 64
1 5 2500 100 0.9 5638580 79
1 5 3000 100 0.9 5638580 94
1 5 3500 100 0.9 5638580 109
1 5 4000 100 0.9 5635050 124
1 5 4500 100 0.9 5635050 139
1 5 5000 100 0.9 5635050 154
1 5 5500 100 0.9 5635050 169
1 5 6000 100 0.9 5631926 184
1 5 6500 100 0.9 5631926 199
1 5 7000 100 0.9 5631926 214
1 5 7500 100 0.9 5614092 229
1 5 8000 100 0.9 5614092 245
1 5 8500 100 0.9 5614092 260
1 5 9000 100 0.9 5614092 275
1 5 9500 100 0.9 5614092 290
1 5 10000 100 0.9 5614092 305
2 1 0 100 0.5 5752252 0
2 1 500 100 0.5 5662302 16
2 1 1000 100 0.5 5657848 31
2 1 1500 100 0.5 5652900 46
2 1 2000 100 0.5 5623448 61
2 1 2500 100 0.5 5623448 76
2 1 3000 100 0.5 5623448 92
2 1 3500 100 0.5 5623448 108
2 1 4000 100 0.5 5623448 124
2 1 4500 100 0.5 5623448 139
2 1 5000 100 0.5 5623448 155
2 1 5500 100 0.5 5621350 170
2 1 6000 100 0.5 5621350 185
2 1 6500 100 0.5 5621350 200
2 1 7000 100 0.5 5621350 215
2 1 7500 100 0.5 5621350 230
2 1 8000 100 0.5 5621350 246
2 1 8500 100 0.5 5621350 261
2 1 9000 100 0.5 5621350 276
2 1 9500 100 0.5 5621350 291
2 1 10000 100 0.5 5621350 306
2 2 0 100 0.5 5777412 0
2 2 500 100 0.5 5669794 15
2 2 1000 100 0.5 5667792 30
2 2 1500 100 0.5 5653656 45
2 2 2000 100 0.5 5653656 61
2 2 2500 100 0.5 5625192 77
2 2 3000 100 0.5 5625192 92
2 2 3500 100 0.5 5625192 107
2 2 4000 100 0.5 5625192 122
2 2 4500 100 0.5 5625192 137
2 2 5000 100 0.5 5625192 154
2 2 5500 100 0.5 5625192 169
2 2 6000 100 0.5 5625192 184
2 2 6500 100 0.5 5625192 199
2 2 7000 100 0.5 5625192 214
2 2 7500 100 0.5 5625192 229
2 2 8000 100 0.5 5625192 244
2 2 8500 100 0.5 5625192 259
2 2 9000 100 0.5 5625192 274
2 2 9500 100 0.5 5625192 290
2 2 10000 100 0.5 5625192 305
2 3 0 100 0.5 5763768 0
2 3 500 100 0.5 5623536 16
2 3 1000 100 0.5 5622636 34
2 3 1500 100 0.5 5622636 49
2 3 2000 100 0.5 5622636 65
2 3 2500 100 0.5 5622636 80
2 3 3000 100 0.5 5622636 95
2 3 3500 100 0.5 5622636 111
2 3 4000 100 0.5 5616406 127
2 3 4500 100 0.5 5616406 143
2 3 5000 100 0.5 5616406 158
2 3 5500 100 0.5 5604556 173
2 3 6000 100 0.5 5604556 188
2 3 6500 100 0.5 5604556 204
2 3 7000 100 0.5 5604556 220
2 3 7500 100 0.5 5604556 237
2 3 8000 100 0.5 5604556 253
2 3 8500 100 0.5 5604556 268
2 3 9000 100 0.5 5604556 284
2 3 9500 100 0.5 5604556 299
2 3 10000 100 0.5 5604556 314
2 4 0 100 0.5 5749788 0
2 4 500 100 0.5 5604820 16
2 4 1000 100 0.5 5604820 31
2 4 1500 100 0.5 5604820 46
2 4 2000 100 0.5 5604820 61
2 4 2500 100 0.5 5604820 76
2 4 3000 100 0.5 5604820 91
2 4 3500 100 0.5 5604820 106
2 4 4000 100 0.5 5604820 121
2 4 4500 100 0.5 5604820 136
2 4 5000 100 0.5 5604820 151
2 4 5500 100 0.5 5604820 167
2 4 6000 100 0.5 5604820 182
2 4 6500 100 0.5 5604820 197
2 4 7000 100 0.5 5604820 212
2 4 7500 100 0.5 5604820 227
2 4 8000 100 0.5 5604820 243
2 4 8500 100 0.5 5604820 258
2 4 9000 100 0.5 5604820 274
2 4 9500 100 0.5 5604820 289
2 4 10000 100 0.5 5604820 305
2 5 0 100 0.5 5760700 0
2 5 500 100 0.5 5648982 16
2 5 1000 100 0.5 5648982 32
2 5 1500 100 0.5 5645126 47
2 5 2000 100 0.5 5620630 62
2 5 2500 100 0.5 5620630 77
2 5 3000 100 0.5 5620630 93
2 5 3500 100 0.5 5620630 109
2 5 4000 100 0.5 5620630 124
2 5 4500 100 0.5 5620630 139
2 5 5000 100 0.5 5620630 153
2 5 5500 100 0.5 5620630 168
2 5 6000 100 0.5 5620630 183
2 5 6500 100 0.5 5620630 199
2 5 7000 100 0.5 5620630 214
2 5 7500 100 0.5 5620630 229
2 5 8000 100 0.5 5620630 244
2 5 8500 100 0.5 5620630 259
2 5 9000 100 0.5 5620630 274
2 5 9500 100 0.5 5620630 289
2 5 10000 100 0.5 5620630 303
3 1 0 10 0.9 5839182 0
3 1 500 10 0.9 5653086 1
3 1 1000 10 0.9 5653086 3
3 1 1500 10 0.9 5653086 4
3 1 2000 10 0.9 5653086 6
3 1 2500 10 0.9 5653086 7
3 1 3000 10 0.9 5653086 9
3 1 3500 10 0.9 5653086 10
3 1 4000 10 0.9 5653086 12
3 1 4500 10 0.9 5653086 13
3 1 5000 10 0.9 5653086 15
3 1 5500 10 0.9 5653086 16
3 1 6000 10 0.9 5653086 18
3 1 6500 10 0.9 5653086 19
3 1 7000 10 0.9 5653086 21
3 1 7500 10 0.9 5640760 22
3 1 8000 10 0.9 5640760 24
3 1 8500 10 0.9 5640760 26
3 1 9000 10 0.9 5640760 27
3 1 9500 10 0.9 5640760 29
3 1 10000 10 0.9 5640760 30
3 2 0 10 0.9 5836132 0
3 2 500 10 0.9 5686140 1
3 2 1000 10 0.9 5686140 3
3 2 1500 10 0.9 5686140 4
3 2 2000 10 0.9 5674734 6
3 2 2500 10 0.9 5674734 7
3 2 3000 10 0.9 5674734 9
3 2 3500 10 0.9 5656676 10
3 2 4000 10 0.9 5656676 12
3 2 4500 10 0.9 5654324 13
3 2 5000 10 0.9 5654324 15
3 2 5500 10 0.9 5654324 16
3 2 6000 10 0.9 5654324 18
3 2 6500 10 0.9 5654324 20
3 2 7000 10 0.9 5654324 21
3 2 7500 10 0.9 5654324 23
3 2 8000 10 0.9 5654324 25
3 2 8500 10 0.9 5654324 26
3 2 9000 10 0.9 5654324 27
3 2 9500 10 0.9 5654324 29
3 2 10000 10 0.9 5654324 31
3 3 0 10 0.9 5809632 0
3 3 500 10 0.9 5709504 1
3 3 1000 10 0.9 5709504 3
3 3 1500 10 0.9 5685414 6
3 3 2000 10 0.9 5685414 8
3 3 2500 10 0.9 5685414 11
3 3 3000 10 0.9 5682180 13
3 3 3500 10 0.9 5682180 15
3 3 4000 10 0.9 5671640 18
3 3 4500 10 0.9 5671640 20
3 3 5000 10 0.9 5666294 22
3 3 5500 10 0.9 5666294 25
3 3 6000 10 0.9 5666294 27
3 3 6500 10 0.9 5666294 28
3 3 7000 10 0.9 5666294 30
3 3 7500 10 0.9 5666294 32
3 3 8000 10 0.9 5645624 33
3 3 8500 10 0.9 5645624 35
3 3 9000 10 0.9 5645624 36
3 3 9500 10 0.9 5645624 38
3 3 10000 10 0.9 5645624 39
3 4 0 10 0.9 5834710 0
3 4 500 10 0.9 5676176 1
3 4 1000 10 0.9 5676176 3
3 4 1500 10 0.9 5676176 4
3 4 2000 10 0.9 5676176 6
3 4 2500 10 0.9 5655684 7
3 4 3000 10 0.9 5655684 9
3 4 3500 10 0.9 5655684 10
3 4 4000 10 0.9 5655684 12
3 4 4500 10 0.9 5644658 13
3 4 5000 10 0.9 5644658 15
3 4 5500 10 0.9 5644658 16
3 4 6000 10 0.9 5644658 18
3 4 6500 10 0.9 5644658 19
3 4 7000 10 0.9 5644658 21
3 4 7500 10 0.9 5644658 22
3 4 8000 10 0.9 5644658 24
3 4 8500 10 0.9 5644658 25
3 4 9000 10 0.9 5644658 27
3 4 9500 10 0.9 5644658 28
3 4 10000 10 0.9 5644658 30
3 5 0 10 0.9 5809300 0
3 5 500 10 0.9 5682228 1
3 5 1000 10 0.9 5671086 3
3 5 1500 10 0.9 5659422 4
3 5 2000 10 0.9 5659422 6
3 5 2500 10 0.9 5659422 7
3 5 3000 10 0.9 5659422 9
3 5 3500 10 0.9 5659422 10
3 5 4000 10 0.9 5651534 12
3 5 4500 10 0.9 5651534 13
3 5 5000 10 0.9 5651534 15
3 5 5500 10 0.9 5651534 16
3 5 6000 10 0.9 5651534 18
3 5 6500 10 0.9 5640186 19
3 5 7000 10 0.9 5640186 21
3 5 7500 10 0.9 5640186 22
3 5 8000 10 0.9 5640186 24
3 5 8500 10 0.9 5640186 25
3 5 9000 10 0.9 5640186 27
3 5 9500 10 0.9 5640186 28
3 5 10000 10 0.9 5640186 30
4 1 0 10 0.5 5811782 0
4 1 500 10 0.5 5702818 1
4 1 1000 10 0.5 5702818 3
4 1 1500 10 0.5 5681808 4
4 1 2000 10 0.5 5681808 6
4 1 2500 10 0.5 5681808 7
4 1 3000 10 0.5 5638912 9
4 1 3500 10 0.5 5638912 10
4 1 4000 10 0.5 5638912 12
4 1 4500 10 0.5 5638912 13
4 1 5000 10 0.5 5638912 15
4 1 5500 10 0.5 5638912 16
4 1 6000 10 0.5 5638912 18
4 1 6500 10 0.5 5638912 19
4 1 7000 10 0.5 5638912 21
4 1 7500 10 0.5 5638912 22
4 1 8000 10 0.5 5638912 24
4 1 8500 10 0.5 5638912 25
4 1 9000 10 0.5 5638912 27
4 1 9500 10 0.5 5638912 28
4 1 10000 10 0.5 5638912 30
4 2 0 10 0.5 5820902 0
4 2 500 10 0.5 5674954 1
4 2 1000 10 0.5 5674954 3
4 2 1500 10 0.5 5674954 5
4 2 2000 10 0.5 5588942 6
4 2 2500 10 0.5 5588942 8
4 2 3000 10 0.5 5588942 10
4 2 3500 10 0.5 5588942 11
4 2 4000 10 0.5 5588942 13
4 2 4500 10 0.5 5588942 15
4 2 5000 10 0.5 5588942 16
4 2 5500 10 0.5 5588942 18
4 2 6000 10 0.5 5588942 19
4 2 6500 10 0.5 5588942 21
4 2 7000 10 0.5 5588942 22
4 2 7500 10 0.5 5588942 24
4 2 8000 10 0.5 5588942 25
4 2 8500 10 0.5 5588942 27
4 2 9000 10 0.5 5588942 28
4 2 9500 10 0.5 5588942 30
4 2 10000 10 0.5 5588942 31
4 3 0 10 0.5 5800970 0
4 3 500 10 0.5 5703334 1
4 3 1000 10 0.5 5690574 3
4 3 1500 10 0.5 5690574 4
4 3 2000 10 0.5 5678658 6
4 3 2500 10 0.5 5678658 8
4 3 3000 10 0.5 5678658 9
4 3 3500 10 0.5 5672660 11
4 3 4000 10 0.5 5672660 12
4 3 4500 10 0.5 5672660 14
4 3 5000 10 0.5 5667392 15
4 3 5500 10 0.5 5659036 17
4 3 6000 10 0.5 5659036 18
4 3 6500 10 0.5 5659036 20
4 3 7000 10 0.5 5659036 21
4 3 7500 10 0.5 5659036 23
4 3 8000 10 0.5 5659036 24
4 3 8500 10 0.5 5659036 26
4 3 9000 10 0.5 5659036 27
4 3 9500 10 0.5 5659036 29
4 3 10000 10 0.5 5659036 30
4 4 0 10 0.5 5838910 0
4 4 500 10 0.5 5690620 1
4 4 1000 10 0.5 5671012 3
4 4 1500 10 0.5 5671012 4
4 4 2000 10 0.5 5671012 6
4 4 2500 10 0.5 5671012 7
4 4 3000 10 0.5 5665828 9
4 4 3500 10 0.5 5665828 10
4 4 4000 10 0.5 5665828 12
4 4 4500 10 0.5 5665828 13
4 4 5000 10 0.5 5665828 15
4 4 5500 10 0.5 5665828 16
4 4 6000 10 0.5 5665828 18
4 4 6500 10 0.5 5665828 19
4 4 7000 10 0.5 5665828 21
4 4 7500 10 0.5 5665828 22
4 4 8000 10 0.5 5665828 24
4 4 8500 10 0.5 5665828 25
4 4 9000 10 0.5 5665828 27
4 4 9500 10 0.5 5665828 28
4 4 10000 10 0.5 5655242 30
4 5 0 10 0.5 5831802 0
4 5 500 10 0.5 5646736 1
4 5 1000 10 0.5 5646736 3
4 5 1500 10 0.5 5646736 4
4 5 2000 10 0.5 5646736 6
4 5 2500 10 0.5 5646736 7
4 5 3000 10 0.5 5646736 9
4 5 3500 10 0.5 5646736 10
4 5 4000 10 0.5 5646736 12
4 5 4500 10 0.5 5646736 13
4 5 5000 10 0.5 5646736 15
4 5 5500 10 0.5 5646736 16
4 5 6000 10 0.5 5646736 18
4 5 6500 10 0.5 5646736 19
4 5 7000 10 0.5 5646736 21
4 5 7500 10 0.5 5646736 23
4 5 8000 10 0.5 5646736 24
4 5 8500 10 0.5 5646736 26
4 5 9000 10 0.5 5646736 27
4 5 9500 10 0.5 5646736 29
4 5 10000 10 0.5 5646736 30
5 1 0 100 0.1 5775022 0
5 1 500 100 0.1 5675456 15
5 1 1000 100 0.1 5648848 30
5 1 1500 100 0.1 5648848 45
5 1 2000 100 0.1 5648848 60
5 1 2500 100 0.1 5648848 76
5 1 3000 100 0.1 5648848 91
5 1 3500 100 0.1 5648848 105
5 1 4000 100 0.1 5648848 120
5 1 4500 100 0.1 5648848 134
5 1 5000 100 0.1 5648848 149
5 1 5500 100 0.1 5648848 163
5 1 6000 100 0.1 5648848 178
5 1 6500 100 0.1 5629000 192
5 1 7000 100 0.1 5629000 207
5 1 7500 100 0.1 5629000 221
5 1 8000 100 0.1 5629000 235
5 1 8500 100 0.1 5629000 250
5 1 9000 100 0.1 5629000 265
5 1 9500 100 0.1 5629000 279
5 1 10000 100 0.1 5629000 295
5 2 0 100 0.1 5751614 0
5 2 500 100 0.1 5636038 16
5 2 1000 100 0.1 5632398 31
5 2 1500 100 0.1 5632398 47
5 2 2000 100 0.1 5632398 61
5 2 2500 100 0.1 5632398 76
5 2 3000 100 0.1 5632398 90
5 2 3500 100 0.1 5630802 105
5 2 4000 100 0.1 5630802 119
5 2 4500 100 0.1 5630802 134
5 2 5000 100 0.1 5630802 148
5 2 5500 100 0.1 5630802 163
5 2 6000 100 0.1 5630802 179
5 2 6500 100 0.1 5630802 194
5 2 7000 100 0.1 5630802 209
5 2 7500 100 0.1 5630802 224
5 2 8000 100 0.1 5630802 240
5 2 8500 100 0.1 5630802 255
5 2 9000 100 0.1 5630802 271
5 2 9500 100 0.1 5630802 287
5 2 10000 100 0.1 5615342 302
5 3 0 100 0.1 5760922 0
5 3 500 100 0.1 5656224 16
5 3 1000 100 0.1 5601232 31
5 3 1500 100 0.1 5601232 46
5 3 2000 100 0.1 5601232 62
5 3 2500 100 0.1 5601232 77
5 3 3000 100 0.1 5601232 93
5 3 3500 100 0.1 5601232 108
5 3 4000 100 0.1 5601232 124
5 3 4500 100 0.1 5601232 139
5 3 5000 100 0.1 5601232 155
5 3 5500 100 0.1 5601232 171
5 3 6000 100 0.1 5601232 186
5 3 6500 100 0.1 5601232 201
5 3 7000 100 0.1 5601232 217
5 3 7500 100 0.1 5601232 233
5 3 8000 100 0.1 5601232 249
5 3 8500 100 0.1 5601232 265
5 3 9000 100 0.1 5601232 280
5 3 9500 100 0.1 5601232 296
5 3 10000 100 0.1 5601232 311
5 4 0 100 0.1 5737250 0
5 4 500 100 0.1 5632478 16
5 4 1000 100 0.1 5632478 32
5 4 1500 100 0.1 5632478 47
5 4 2000 100 0.1 5632478 63
5 4 2500 100 0.1 5621416 78
5 4 3000 100 0.1 5621416 94
5 4 3500 100 0.1 5621416 110
5 4 4000 100 0.1 5621416 125
5 4 4500 100 0.1 5621416 141
5 4 5000 100 0.1 5621416 156
5 4 5500 100 0.1 5621416 172
5 4 6000 100 0.1 5621416 188
5 4 6500 100 0.1 5621416 203
5 4 7000 100 0.1 5621416 219
5 4 7500 100 0.1 5621416 235
5 4 8000 100 0.1 5613204 251
5 4 8500 100 0.1 5613204 266
5 4 9000 100 0.1 5613204 282
5 4 9500 100 0.1 5613204 298
5 4 10000 100 0.1 5613204 313
5 5 0 100 0.1 5734970 0
5 5 500 100 0.1 5666482 16
5 5 1000 100 0.1 5666482 31
5 5 1500 100 0.1 5665636 47
5 5 2000 100 0.1 5654626 64
5 5 2500 100 0.1 5654626 80
5 5 3000 100 0.1 5627800 96
5 5 3500 100 0.1 5627800 112
5 5 4000 100 0.1 5627800 127
5 5 4500 100 0.1 5627800 144
5 5 5000 100 0.1 5627800 159
5 5 5500 100 0.1 5627800 175
5 5 6000 100 0.1 5627800 191
5 5 6500 100 0.1 5627800 206
5 5 7000 100 0.1 5627800 222
5 5 7500 100 0.1 5627800 238
5 5 8000 100 0.1 5627800 253
5 5 8500 100 0.1 5627800 269
5 5 9000 100 0.1 5627800 285
5 5 9500 100 0.1 5627800 300
5 5 10000 100 0.1 5627800 316
6 1 0 10 0.1 5843542 0
6 1 500 10 0.1 5681114 1
6 1 1000 10 0.1 5681114 3
6 1 1500 10 0.1 5681114 4
6 1 2000 10 0.1 5681114 6
6 1 2500 10 0.1 5681114 7
6 1 3000 10 0.1 5681114 9
6 1 3500 10 0.1 5681114 10
6 1 4000 10 0.1 5658712 12
6 1 4500 10 0.1 5658712 13
6 1 5000 10 0.1 5658712 15
6 1 5500 10 0.1 5658712 17
6 1 6000 10 0.1 5658712 18
6 1 6500 10 0.1 5658712 20
6 1 7000 10 0.1 5658712 21
6 1 7500 10 0.1 5658712 23
6 1 8000 10 0.1 5658712 24
6 1 8500 10 0.1 5658712 26
6 1 9000 10 0.1 5658712 27
6 1 9500 10 0.1 5658712 29
6 1 10000 10 0.1 5658712 31
6 2 0 10 0.1 5780070 0
6 2 500 10 0.1 5695152 1
6 2 1000 10 0.1 5695152 3
6 2 1500 10 0.1 5694948 5
6 2 2000 10 0.1 5683332 6
6 2 2500 10 0.1 5683332 8
6 2 3000 10 0.1 5683332 10
6 2 3500 10 0.1 5683332 11
6 2 4000 10 0.1 5683332 13
6 2 4500 10 0.1 5682658 14
6 2 5000 10 0.1 5682658 16
6 2 5500 10 0.1 5668204 18
6 2 6000 10 0.1 5668204 19
6 2 6500 10 0.1 5668204 21
6 2 7000 10 0.1 5668204 23
6 2 7500 10 0.1 5668204 24
6 2 8000 10 0.1 5661594 26
6 2 8500 10 0.1 5661594 27
6 2 9000 10 0.1 5653038 29
6 2 9500 10 0.1 5653038 31
6 2 10000 10 0.1 5653038 32
6 3 0 10 0.1 5878756 0
6 3 500 10 0.1 5698002 1
6 3 1000 10 0.1 5675588 3
6 3 1500 10 0.1 5638908 4
6 3 2000 10 0.1 5638908 6
6 3 2500 10 0.1 5638908 8
6 3 3000 10 0.1 5635752 9
6 3 3500 10 0.1 5635752 11
6 3 4000 10 0.1 5635752 12
6 3 4500 10 0.1 5613724 14
6 3 5000 10 0.1 5613724 15
6 3 5500 10 0.1 5612486 17
6 3 6000 10 0.1 5612486 19
6 3 6500 10 0.1 5612486 20
6 3 7000 10 0.1 5612486 22
6 3 7500 10 0.1 5612486 23
6 3 8000 10 0.1 5612486 25
6 3 8500 10 0.1 5612486 27
6 3 9000 10 0.1 5612486 28
6 3 9500 10 0.1 5612486 30
6 3 10000 10 0.1 5612486 31
6 4 0 10 0.1 5839998 0
6 4 500 10 0.1 5678638 1
6 4 1000 10 0.1 5678638 3
6 4 1500 10 0.1 5678638 4
6 4 2000 10 0.1 5678638 6
6 4 2500 10 0.1 5678638 8
6 4 3000 10 0.1 5678638 9
6 4 3500 10 0.1 5667228 11
6 4 4000 10 0.1 5667228 12
6 4 4500 10 0.1 5667228 14
6 4 5000 10 0.1 5667228 15
6 4 5500 10 0.1 5667228 17
6 4 6000 10 0.1 5667228 18
6 4 6500 10 0.1 5667228 20
6 4 7000 10 0.1 5667228 21
6 4 7500 10 0.1 5667228 23
6 4 8000 10 0.1 5667228 25
6 4 8500 10 0.1 5667228 26
6 4 9000 10 0.1 5667228 28
6 4 9500 10 0.1 5667228 29
6 4 10000 10 0.1 5667228 31
6 5 0 10 0.1 5817714 0
6 5 500 10 0.1 5690142 1
6 5 1000 10 0.1 5665940 3
6 5 1500 10 0.1 5637606 4
6 5 2000 10 0.1 5637606 6
6 5 2500 10 0.1 5637606 7
6 5 3000 10 0.1 5637606 9
6 5 3500 10 0.1 5637606 10
6 5 4000 10 0.1 5637606 12
6 5 4500 10 0.1 5637606 14
6 5 5000 10 0.1 5637606 15
6 5 5500 10 0.1 5627674 17
6 5 6000 10 0.1 5627674 18
6 5 6500 10 0.1 5627674 20
6 5 7000 10 0.1 5627674 21
6 5 7500 10 0.1 5617586 23
6 5 8000 10 0.1 5609484 24
6 5 8500 10 0.1 5609484 26
6 5 9000 10 0.1 5609484 27
6 5 9500 10 0.1 5609484 29
6 5 10000 10 0.1 5609484 31
1 1 0 100 0.9 5941988 0
1 2 0 100 0.9 5941988 0
1 3 0 100 0.9 5941988 0
1 4 0 100 0.9 5941988 0
1 5 0 100 0.9 5941988 0
2 1 0 100 0.5 5941988 0
2 2 0 100 0.5 5941988 0
2 3 0 100 0.5 5941988 0
2 4 0 100 0.5 5941988 0
2 5 0 100 0.5 5941988 0
3 1 0 10 0.9 5941988 0
3 2 0 10 0.9 5941988 0
3 3 0 10 0.9 5941988 0
3 4 0 10 0.9 5941988 0
3 5 0 10 0.9 5941988 0
4 1 0 10 0.5 5941988 0
4 2 0 10 0.5 5941988 0
4 3 0 10 0.5 5941988 0
4 4 0 10 0.5 5941988 0
4 5 0 10 0.5 5941988 0
5 1 0 100 0.1 5941988 0
5 2 0 100 0.1 5941988 0
5 3 0 100 0.1 5941988 0
5 4 0 100 0.1 5941988 0
5 5 0 100 0.1 5941988 0
6 1 0 10 0.1 5941988 0
6 2 0 10 0.1 5941988 0
6 3 0 10 0.1 5941988 0
6 4 0 10 0.1 5941988 0
6 5 0 10 0.1 5941988 0
