1 1 0 100 0.9 5729916 0
1 1 311 100 0.9 5660596 10
1 1 647 100 0.9 5660596 20
1 1 985 100 0.9 5660596 30
1 1 1327 100 0.9 5660502 40
1 1 1671 100 0.9 5646826 50
1 1 2012 100 0.9 5646826 60
1 1 2355 100 0.9 5646826 70
1 1 2696 100 0.9 5646826 80
1 1 3037 100 0.9 5646826 90
1 1 3378 100 0.9 5646826 100
1 1 3721 100 0.9 5646826 110
1 1 4052 100 0.9 5646826 120
1 1 4390 100 0.9 5646826 130
1 1 4733 100 0.9 5645344 140
1 1 5077 100 0.9 5644440 150
1 1 5422 100 0.9 5644440 160
1 1 5767 100 0.9 5644440 170
1 1 6106 100 0.9 5644440 180
1 1 6445 100 0.9 5644440 190
1 1 6782 100 0.9 5644440 200
1 1 7122 100 0.9 5644440 210
1 1 7467 100 0.9 5644440 220
1 1 7812 100 0.9 5620796 230
1 1 8156 100 0.9 5620796 240
1 1 8502 100 0.9 5620796 250
1 1 8843 100 0.9 5620796 260
1 1 9159 100 0.9 5620796 270
1 1 9468 100 0.9 5620796 280
1 1 9788 100 0.9 5620796 290
1 1 10107 100 0.9 5620796 300
1 2 0 100 0.9 5792758 0
1 2 280 100 0.9 5654302 10
1 2 604 100 0.9 5654302 20
1 2 928 100 0.9 5654302 30
1 2 1250 100 0.9 5654302 40
1 2 1570 100 0.9 5636362 50
1 2 1905 100 0.9 5636362 60
1 2 2223 100 0.9 5636362 70
1 2 2552 100 0.9 5631772 80
1 2 2889 100 0.9 5631772 90
1 2 3225 100 0.9 5631772 100
1 2 3559 100 0.9 5631772 110
1 2 3893 100 0.9 5631772 120
1 2 4231 100 0.9 5631772 130
1 2 4566 100 0.9 5625422 140
1 2 4901 100 0.9 5625422 150
1 2 5231 100 0.9 5625422 160
1 2 5563 100 0.9 5625422 170
1 2 5899 100 0.9 5625422 180
1 2 6234 100 0.9 5625422 190
1 2 6566 100 0.9 5625422 200
1 2 6902 100 0.9 5625422 210
1 2 7236 100 0.9 5625422 220
1 2 7578 100 0.9 5625422 230
1 2 7914 100 0.9 5625422 240
1 2 8249 100 0.9 5625422 250
1 2 8568 100 0.9 5625422 260
1 2 8856 100 0.9 5625422 270
1 2 9182 100 0.9 5625422 280
1 2 9519 100 0.9 5625422 290
1 2 9855 100 0.9 5625422 300
1 3 0 100 0.9 5737858 0
1 3 307 100 0.9 5648014 10
1 3 648 100 0.9 5632194 20
1 3 988 100 0.9 5632194 30
1 3 1325 100 0.9 5627484 40
1 3 1668 100 0.9 5627484 50
1 3 2008 100 0.9 5627484 60
1 3 2349 100 0.9 5627484 70
1 3 2682 100 0.9 5627484 80
1 3 2989 100 0.9 5627484 90
1 3 3298 100 0.9 5627484 100
1 3 3611 100 0.9 5627484 110
1 3 3921 100 0.9 5615206 120
1 3 4253 100 0.9 5615206 130
1 3 4572 100 0.9 5615206 140
1 3 4906 100 0.9 5615206 150
1 3 5247 100 0.9 5615206 160
1 3 5589 100 0.9 5615206 170
1 3 5922 100 0.9 5615206 180
1 3 6258 100 0.9 5615206 190
1 3 6595 100 0.9 5615206 200
1 3 6920 100 0.9 5615206 210
1 3 7252 100 0.9 5615206 220
1 3 7585 100 0.9 5615206 230
1 3 7920 100 0.9 5615206 240
1 3 8253 100 0.9 5615206 250
1 3 8595 100 0.9 5615206 260
1 3 8940 100 0.9 5615206 270
1 3 9284 100 0.9 5615206 280
1 3 9624 100 0.9 5615206 290
1 3 9963 100 0.9 5615206 300
1 4 0 100 0.9 5734736 0
1 4 308 100 0.9 5661204 10
1 4 646 100 0.9 5661148 20
1 4 980 100 0.9 5633294 30
1 4 1317 100 0.9 5633294 40
1 4 1648 100 0.9 5633294 50
1 4 1980 100 0.9 5633294 60
1 4 2312 100 0.9 5633294 70
1 4 2651 100 0.9 5633294 80
1 4 2985 100 0.9 5633294 90
1 4 3305 100 0.9 5633294 100
1 4 3617 100 0.9 5633294 110
1 4 3942 100 0.9 5633294 120
1 4 4272 100 0.9 5633294 130
1 4 4610 100 0.9 5633294 140
1 4 4946 100 0.9 5633294 150
1 4 5284 100 0.9 5633294 160
1 4 5614 100 0.9 5633294 170
1 4 5945 100 0.9 5633294 180
1 4 6271 100 0.9 5633294 190
1 4 6587 100 0.9 5633294 200
1 4 6925 100 0.9 5633294 210
1 4 7259 100 0.9 5633294 220
1 4 7595 100 0.9 5633294 230
1 4 7934 100 0.9 5633294 240
1 4 8271 100 0.9 5633294 250
1 4 8604 100 0.9 5633294 260
1 4 8939 100 0.9 5633294 270
1 4 9275 100 0.9 5633294 280
1 4 9610 100 0.9 5633294 290
1 4 9949 100 0.9 5633294 300
1 5 0 100 0.9 5755622 0
1 5 307 100 0.9 5661556 10
1 5 639 100 0.9 5640956 20
1 5 976 100 0.9 5640956 30
1 5 1305 100 0.9 5640956 40
1 5 1640 100 0.9 5640956 50
1 5 1969 100 0.9 5640956 60
1 5 2311 100 0.9 5640956 70
1 5 2648 100 0.9 5640956 80
1 5 2988 100 0.9 5640956 90
1 5 3329 100 0.9 5640956 100
1 5 3651 100 0.9 5638478 110
1 5 3934 100 0.9 5638478 120
1 5 4262 100 0.9 5638478 130
1 5 4581 100 0.9 5638478 140
1 5 4905 100 0.9 5638478 150
1 5 5239 100 0.9 5638478 160
1 5 5571 100 0.9 5638478 170
1 5 5882 100 0.9 5638478 180
1 5 6209 100 0.9 5638478 190
1 5 6537 100 0.9 5638478 200
1 5 6872 100 0.9 5638478 210
1 5 7207 100 0.9 5633404 220
1 5 7537 100 0.9 5633404 230
1 5 7848 100 0.9 5633404 240
1 5 8179 100 0.9 5633404 250
1 5 8511 100 0.9 5633404 260
1 5 8854 100 0.9 5633404 270
1 5 9195 100 0.9 5633404 280
1 5 9527 100 0.9 5620166 290
1 5 9862 100 0.9 5620166 300
2 1 0 100 0.5 5757856 0
2 1 296 100 0.5 5674626 10
2 1 626 100 0.5 5640176 20
2 1 963 100 0.5 5640176 30
2 1 1298 100 0.5 5640176 40
2 1 1633 100 0.5 5640176 50
2 1 1965 100 0.5 5640176 60
2 1 2302 100 0.5 5640176 70
2 1 2634 100 0.5 5640176 80
2 1 2970 100 0.5 5638792 90
2 1 3283 100 0.5 5638792 100
2 1 3608 100 0.5 5638792 110
2 1 3898 100 0.5 5638792 120
2 1 4211 100 0.5 5638792 130
2 1 4543 100 0.5 5638792 140
2 1 4860 100 0.5 5638792 150
2 1 5186 100 0.5 5638792 160
2 1 5519 100 0.5 5638792 170
2 1 5855 100 0.5 5638792 180
2 1 6182 100 0.5 5624970 190
2 1 6505 100 0.5 5624970 200
2 1 6836 100 0.5 5624970 210
2 1 7159 100 0.5 5624970 220
2 1 7487 100 0.5 5624970 230
2 1 7816 100 0.5 5624970 240
2 1 8125 100 0.5 5624970 250
2 1 8453 100 0.5 5624970 260
2 1 8784 100 0.5 5624970 270
2 1 9118 100 0.5 5624970 280
2 1 9455 100 0.5 5624970 290
2 1 9789 100 0.5 5624970 300
2 2 0 100 0.5 5780640 0
2 2 294 100 0.5 5665866 10
2 2 618 100 0.5 5642780 20
2 2 953 100 0.5 5642780 30
2 2 1285 100 0.5 5642780 40
2 2 1616 100 0.5 5642780 50
2 2 1951 100 0.5 5642780 60
2 2 2284 100 0.5 5642780 70
2 2 2618 100 0.5 5642780 80
2 2 2931 100 0.5 5642780 90
2 2 3246 100 0.5 5642780 100
2 2 3581 100 0.5 5642780 110
2 2 3916 100 0.5 5642780 120
2 2 4245 100 0.5 5626818 130
2 2 4584 100 0.5 5626818 140
2 2 4923 100 0.5 5626818 150
2 2 5261 100 0.5 5626818 160
2 2 5600 100 0.5 5626818 170
2 2 5932 100 0.5 5626818 180
2 2 6269 100 0.5 5626818 190
2 2 6605 100 0.5 5626818 200
2 2 6935 100 0.5 5626818 210
2 2 7275 100 0.5 5626818 220
2 2 7601 100 0.5 5626818 230
2 2 7938 100 0.5 5626818 240
2 2 8276 100 0.5 5626818 250
2 2 8605 100 0.5 5626818 260
2 2 8941 100 0.5 5626818 270
2 2 9277 100 0.5 5626818 280
2 2 9614 100 0.5 5626818 290
2 2 9956 100 0.5 5626818 300
2 3 0 100 0.5 5735256 0
2 3 274 100 0.5 5655972 10
2 3 595 100 0.5 5644398 20
2 3 918 100 0.5 5644398 30
2 3 1246 100 0.5 5644398 40
2 3 1574 100 0.5 5631400 50
2 3 1902 100 0.5 5631400 60
2 3 2234 100 0.5 5631400 70
2 3 2566 100 0.5 5631400 80
2 3 2893 100 0.5 5631400 90
2 3 3202 100 0.5 5631400 100
2 3 3494 100 0.5 5630434 110
2 3 3800 100 0.5 5630434 120
2 3 4126 100 0.5 5630434 130
2 3 4456 100 0.5 5630434 140
2 3 4781 100 0.5 5630434 150
2 3 5110 100 0.5 5630434 160
2 3 5439 100 0.5 5630434 170
2 3 5758 100 0.5 5616884 180
2 3 6089 100 0.5 5616884 190
2 3 6419 100 0.5 5616884 200
2 3 6745 100 0.5 5616884 210
2 3 7068 100 0.5 5616884 220
2 3 7399 100 0.5 5616884 230
2 3 7727 100 0.5 5616884 240
2 3 8052 100 0.5 5616884 250
2 3 8379 100 0.5 5616884 260
2 3 8709 100 0.5 5616884 270
2 3 9041 100 0.5 5616884 280
2 3 9380 100 0.5 5616884 290
2 3 9710 100 0.5 5616884 300
2 4 0 100 0.5 5742160 0
2 4 305 100 0.5 5662126 10
2 4 638 100 0.5 5662126 20
2 4 969 100 0.5 5662126 30
2 4 1303 100 0.5 5660222 40
2 4 1639 100 0.5 5660222 50
2 4 1974 100 0.5 5648998 60
2 4 2308 100 0.5 5648998 70
2 4 2639 100 0.5 5648998 80
2 4 2974 100 0.5 5648998 90
2 4 3311 100 0.5 5637694 100
2 4 3647 100 0.5 5637694 110
2 4 3982 100 0.5 5637694 120
2 4 4322 100 0.5 5637694 130
2 4 4658 100 0.5 5625872 140
2 4 4991 100 0.5 5625872 150
2 4 5294 100 0.5 5625872 160
2 4 5607 100 0.5 5625872 170
2 4 5933 100 0.5 5625872 180
2 4 6265 100 0.5 5625872 190
2 4 6601 100 0.5 5625872 200
2 4 6934 100 0.5 5625872 210
2 4 7269 100 0.5 5625872 220
2 4 7602 100 0.5 5625872 230
2 4 7938 100 0.5 5625872 240
2 4 8271 100 0.5 5625872 250
2 4 8603 100 0.5 5625872 260
2 4 8937 100 0.5 5625872 270
2 4 9272 100 0.5 5625872 280
2 4 9613 100 0.5 5625872 290
2 4 9948 100 0.5 5625872 300
2 5 0 100 0.5 5798266 0
2 5 307 100 0.5 5649106 10
2 5 642 100 0.5 5649106 20
2 5 978 100 0.5 5649106 30
2 5 1302 100 0.5 5604706 40
2 5 1641 100 0.5 5604706 50
2 5 1975 100 0.5 5604706 60
2 5 2285 100 0.5 5604706 70
2 5 2599 100 0.5 5604706 80
2 5 2922 100 0.5 5604706 90
2 5 3242 100 0.5 5604706 100
2 5 3561 100 0.5 5604706 110
2 5 3881 100 0.5 5604706 120
2 5 4191 100 0.5 5604706 130
2 5 4503 100 0.5 5604706 140
2 5 4805 100 0.5 5604706 150
2 5 5108 100 0.5 5604706 160
2 5 5424 100 0.5 5604706 170
2 5 5736 100 0.5 5604706 180
2 5 6045 100 0.5 5604706 190
2 5 6360 100 0.5 5604706 200
2 5 6676 100 0.5 5604706 210
2 5 6991 100 0.5 5604706 220
2 5 7301 100 0.5 5604706 230
2 5 7618 100 0.5 5604706 240
2 5 7925 100 0.5 5604706 250
2 5 8246 100 0.5 5604706 260
2 5 8576 100 0.5 5604706 270
2 5 8889 100 0.5 5604706 280
2 5 9208 100 0.5 5604706 290
2 5 9531 100 0.5 5604706 300
3 1 0 10 0.9 5830388 0
3 1 3224 10 0.9 5657738 10
3 1 6533 10 0.9 5657738 20
3 1 9855 10 0.9 5657000 30
3 1 13118 10 0.9 5657000 40
3 1 16446 10 0.9 5657000 50
3 1 19766 10 0.9 5643868 60
3 1 23085 10 0.9 5643868 70
3 1 26376 10 0.9 5643868 80
3 1 29616 10 0.9 5643868 90
3 1 32680 10 0.9 5643868 100
3 1 35711 10 0.9 5643868 110
3 1 38771 10 0.9 5643868 120
3 1 41823 10 0.9 5643868 130
3 1 44994 10 0.9 5643868 140
3 1 48182 10 0.9 5643868 150
3 1 51508 10 0.9 5643868 160
3 1 54754 10 0.9 5643868 170
3 1 57841 10 0.9 5643868 180
3 1 60927 10 0.9 5643868 190
3 1 64125 10 0.9 5643868 200
3 1 67344 10 0.9 5643868 210
3 1 70531 10 0.9 5643868 220
3 1 73689 10 0.9 5643868 230
3 1 76890 10 0.9 5643868 240
3 1 80030 10 0.9 5643868 250
3 1 83227 10 0.9 5643868 260
3 1 86420 10 0.9 5643868 270
3 1 89657 10 0.9 5643868 280
3 1 92803 10 0.9 5643868 290
3 1 96031 10 0.9 5642854 300
3 2 0 10 0.9 5811812 0
3 2 3135 10 0.9 5677692 10
3 2 6328 10 0.9 5677692 20
3 2 9518 10 0.9 5677692 30
3 2 12672 10 0.9 5658870 40
3 2 15836 10 0.9 5658870 50
3 2 18913 10 0.9 5639408 60
3 2 21988 10 0.9 5639408 70
3 2 25041 10 0.9 5639408 80
3 2 28138 10 0.9 5639408 90
3 2 31248 10 0.9 5639408 100
3 2 34268 10 0.9 5639408 110
3 2 37355 10 0.9 5639408 120
3 2 40491 10 0.9 5639340 130
3 2 43592 10 0.9 5638596 140
3 2 46656 10 0.9 5638596 150
3 2 49784 10 0.9 5638596 160
3 2 52975 10 0.9 5638596 170
3 2 56163 10 0.9 5638596 180
3 2 59370 10 0.9 5638596 190
3 2 62511 10 0.9 5638596 200
3 2 65696 10 0.9 5638596 210
3 2 68927 10 0.9 5638596 220
3 2 72086 10 0.9 5638596 230
3 2 75288 10 0.9 5622174 240
3 2 78505 10 0.9 5622174 250
3 2 81683 10 0.9 5622174 260
3 2 84811 10 0.9 5622174 270
3 2 87823 10 0.9 5622174 280
3 2 91058 10 0.9 5622174 290
3 2 94301 10 0.9 5622174 300
3 3 0 10 0.9 5886172 0
3 3 3088 10 0.9 5673366 10
3 3 6065 10 0.9 5668508 20
3 3 9060 10 0.9 5667988 30
3 3 12218 10 0.9 5667988 40
3 3 15364 10 0.9 5660672 50
3 3 18536 10 0.9 5660130 60
3 3 21653 10 0.9 5658796 70
3 3 24677 10 0.9 5641086 80
3 3 27772 10 0.9 5641086 90
3 3 30933 10 0.9 5641086 100
3 3 33955 10 0.9 5641086 110
3 3 37053 10 0.9 5641086 120
3 3 40216 10 0.9 5622642 130
3 3 43329 10 0.9 5622642 140
3 3 46548 10 0.9 5622642 150
3 3 49741 10 0.9 5622642 160
3 3 52964 10 0.9 5622642 170
3 3 56015 10 0.9 5622642 180
3 3 59212 10 0.9 5622642 190
3 3 62385 10 0.9 5596824 200
3 3 65458 10 0.9 5596824 210
3 3 68557 10 0.9 5596824 220
3 3 71753 10 0.9 5596824 230
3 3 74947 10 0.9 5596824 240
3 3 78136 10 0.9 5596824 250
3 3 81328 10 0.9 5596824 260
3 3 84450 10 0.9 5596824 270
3 3 87675 10 0.9 5596824 280
3 3 90910 10 0.9 5596824 290
3 3 94008 10 0.9 5596824 300
3 4 0 10 0.9 5780260 0
3 4 3159 10 0.9 5659446 10
3 4 6354 10 0.9 5636906 20
3 4 9512 10 0.9 5636906 30
3 4 12592 10 0.9 5636906 40
3 4 15625 10 0.9 5636906 50
3 4 18749 10 0.9 5636906 60
3 4 21885 10 0.9 5636906 70
3 4 25053 10 0.9 5636906 80
3 4 28229 10 0.9 5636906 90
3 4 31404 10 0.9 5636906 100
3 4 34338 10 0.9 5636906 110
3 4 37423 10 0.9 5636906 120
3 4 40431 10 0.9 5633460 130
3 4 43500 10 0.9 5633460 140
3 4 46488 10 0.9 5633460 150
3 4 49623 10 0.9 5633460 160
3 4 52781 10 0.9 5633460 170
3 4 55944 10 0.9 5633460 180
3 4 59124 10 0.9 5633460 190
3 4 62280 10 0.9 5633460 200
3 4 65427 10 0.9 5633460 210
3 4 68560 10 0.9 5633460 220
3 4 71710 10 0.9 5633460 230
3 4 74826 10 0.9 5622980 240
3 4 77995 10 0.9 5622980 250
3 4 81095 10 0.9 5622980 260
3 4 84243 10 0.9 5622980 270
3 4 87401 10 0.9 5622980 280
3 4 90561 10 0.9 5622980 290
3 4 93759 10 0.9 5622980 300
3 5 0 10 0.9 5825110 0
3 5 3093 10 0.9 5676172 10
3 5 6133 10 0.9 5676172 20
3 5 9309 10 0.9 5676172 30
3 5 12453 10 0.9 5638406 40
3 5 15557 10 0.9 5638406 50
3 5 18648 10 0.9 5638406 60
3 5 21737 10 0.9 5638406 70
3 5 24835 10 0.9 5638406 80
3 5 28053 10 0.9 5638406 90
3 5 31204 10 0.9 5635568 100
3 5 34226 10 0.9 5635568 110
3 5 37277 10 0.9 5635568 120
3 5 40393 10 0.9 5635568 130
3 5 43326 10 0.9 5635568 140
3 5 46459 10 0.9 5635568 150
3 5 49630 10 0.9 5621768 160
3 5 52784 10 0.9 5621768 170
3 5 55916 10 0.9 5621768 180
3 5 59068 10 0.9 5621768 190
3 5 62185 10 0.9 5621768 200
3 5 65377 10 0.9 5621768 210
3 5 68589 10 0.9 5621768 220
3 5 71811 10 0.9 5621768 230
3 5 75048 10 0.9 5621768 240
3 5 78239 10 0.9 5621768 250
3 5 81218 10 0.9 5621768 260
3 5 84328 10 0.9 5621768 270
3 5 87518 10 0.9 5621768 280
3 5 90715 10 0.9 5621768 290
3 5 93900 10 0.9 5621768 300
4 1 0 10 0.5 5814826 0
4 1 3014 10 0.5 5657186 10
4 1 6202 10 0.5 5657186 20
4 1 9420 10 0.5 5657186 30
4 1 12612 10 0.5 5653232 40
4 1 15738 10 0.5 5653232 50
4 1 18902 10 0.5 5600966 60
4 1 22065 10 0.5 5600966 70
4 1 25268 10 0.5 5600966 80
4 1 28295 10 0.5 5600966 90
4 1 31400 10 0.5 5600966 100
4 1 34272 10 0.5 5600966 110
4 1 37224 10 0.5 5600966 120
4 1 39790 10 0.5 5600966 130
4 1 42739 10 0.5 5600966 140
4 1 45835 10 0.5 5600966 150
4 1 48958 10 0.5 5600966 160
4 1 52148 10 0.5 5600966 170
4 1 55279 10 0.5 5600966 180
4 1 58331 10 0.5 5600966 190
4 1 61492 10 0.5 5600966 200
4 1 64666 10 0.5 5600966 210
4 1 67801 10 0.5 5600966 220
4 1 70871 10 0.5 5600966 230
4 1 74072 10 0.5 5600966 240
4 1 77242 10 0.5 5600966 250
4 1 80437 10 0.5 5600966 260
4 1 83646 10 0.5 5600966 270
4 1 86821 10 0.5 5600966 280
4 1 89976 10 0.5 5600966 290
4 1 93227 10 0.5 5600966 300
4 2 0 10 0.5 5830104 0
4 2 3052 10 0.5 5655172 10
4 2 6247 10 0.5 5655172 20
4 2 9343 10 0.5 5655172 30
4 2 12488 10 0.5 5655172 40
4 2 15690 10 0.5 5655172 50
4 2 18904 10 0.5 5655172 60
4 2 22062 10 0.5 5619894 70
4 2 25255 10 0.5 5619894 80
4 2 28486 10 0.5 5619894 90
4 2 31699 10 0.5 5619894 100
4 2 34788 10 0.5 5619894 110
4 2 37982 10 0.5 5619894 120
4 2 41209 10 0.5 5619894 130
4 2 44408 10 0.5 5619894 140
4 2 47652 10 0.5 5619894 150
4 2 50795 10 0.5 5619894 160
4 2 53858 10 0.5 5619894 170
4 2 56244 10 0.5 5619894 180
4 2 59292 10 0.5 5619894 190
4 2 62528 10 0.5 5619894 200
4 2 65753 10 0.5 5619894 210
4 2 68943 10 0.5 5619894 220
4 2 72095 10 0.5 5619894 230
4 2 75291 10 0.5 5619894 240
4 2 78485 10 0.5 5619894 250
4 2 81749 10 0.5 5619894 260
4 2 85014 10 0.5 5619894 270
4 2 88287 10 0.5 5619894 280
4 2 91481 10 0.5 5619894 290
4 2 94621 10 0.5 5619894 300
4 3 0 10 0.5 5753708 0
4 3 3201 10 0.5 5655562 10
4 3 6352 10 0.5 5637406 20
4 3 9507 10 0.5 5637406 30
4 3 12712 10 0.5 5637406 40
4 3 15955 10 0.5 5637406 50
4 3 19125 10 0.5 5637406 60
4 3 22334 10 0.5 5637406 70
4 3 25568 10 0.5 5632176 80
4 3 28672 10 0.5 5632176 90
4 3 31410 10 0.5 5632176 100
4 3 34562 10 0.5 5625732 110
4 3 37733 10 0.5 5625732 120
4 3 40966 10 0.5 5625732 130
4 3 44164 10 0.5 5625732 140
4 3 47390 10 0.5 5625732 150
4 3 50373 10 0.5 5625732 160
4 3 53295 10 0.5 5625732 170
4 3 56371 10 0.5 5625732 180
4 3 59537 10 0.5 5625732 190
4 3 62683 10 0.5 5625732 200
4 3 65846 10 0.5 5625732 210
4 3 68989 10 0.5 5625732 220
4 3 72170 10 0.5 5625732 230
4 3 75391 10 0.5 5625732 240
4 3 78603 10 0.5 5625732 250
4 3 81814 10 0.5 5625732 260
4 3 85027 10 0.5 5625732 270
4 3 88028 10 0.5 5625732 280
4 3 91082 10 0.5 5625732 290
4 3 94206 10 0.5 5625732 300
4 4 0 10 0.5 5816894 0
4 4 3020 10 0.5 5670144 10
4 4 6284 10 0.5 5637248 20
4 4 9365 10 0.5 5637248 30
4 4 12466 10 0.5 5637248 40
4 4 15650 10 0.5 5637248 50
4 4 18760 10 0.5 5637248 60
4 4 21843 10 0.5 5637248 70
4 4 25167 10 0.5 5637248 80
4 4 28501 10 0.5 5634752 90
4 4 31851 10 0.5 5634752 100
4 4 35201 10 0.5 5634752 110
4 4 38560 10 0.5 5634752 120
4 4 41906 10 0.5 5634752 130
4 4 45247 10 0.5 5630324 140
4 4 48596 10 0.5 5601538 150
4 4 51949 10 0.5 5601538 160
4 4 55287 10 0.5 5601538 170
4 4 58607 10 0.5 5601538 180
4 4 61946 10 0.5 5601538 190
4 4 65297 10 0.5 5601538 200
4 4 68616 10 0.5 5601538 210
4 4 71779 10 0.5 5601538 220
4 4 74860 10 0.5 5601538 230
4 4 78034 10 0.5 5601538 240
4 4 80984 10 0.5 5601538 250
4 4 84105 10 0.5 5601538 260
4 4 87318 10 0.5 5601538 270
4 4 90575 10 0.5 5601538 280
4 4 93741 10 0.5 5601538 290
4 4 96957 10 0.5 5601538 300
4 5 0 10 0.5 5860560 0
4 5 3070 10 0.5 5684256 10
4 5 6048 10 0.5 5610234 20
4 5 9146 10 0.5 5610234 30
4 5 12267 10 0.5 5610234 40
4 5 15370 10 0.5 5610234 50
4 5 18334 10 0.5 5610234 60
4 5 21414 10 0.5 5610234 70
4 5 24669 10 0.5 5610234 80
4 5 27501 10 0.5 5610234 90
4 5 30514 10 0.5 5610234 100
4 5 33556 10 0.5 5610234 110
4 5 36677 10 0.5 5610234 120
4 5 39837 10 0.5 5610234 130
4 5 43017 10 0.5 5610234 140
4 5 46189 10 0.5 5610234 150
4 5 49226 10 0.5 5610234 160
4 5 52417 10 0.5 5610234 170
4 5 55400 10 0.5 5610234 180
4 5 58472 10 0.5 5588744 190
4 5 61577 10 0.5 5588744 200
4 5 64676 10 0.5 5588744 210
4 5 67807 10 0.5 5588744 220
4 5 70949 10 0.5 5588744 230
4 5 74108 10 0.5 5588744 240
4 5 77247 10 0.5 5588744 250
4 5 80354 10 0.5 5588744 260
4 5 83537 10 0.5 5588744 270
4 5 86723 10 0.5 5588744 280
4 5 89902 10 0.5 5588744 290
4 5 93077 10 0.5 5588744 300
5 1 0 100 0.1 5739372 0
5 1 288 100 0.1 5641402 10
5 1 608 100 0.1 5641402 20
5 1 928 100 0.1 5641402 30
5 1 1249 100 0.1 5641402 40
5 1 1570 100 0.1 5641402 50
5 1 1891 100 0.1 5641402 60
5 1 2211 100 0.1 5602158 70
5 1 2517 100 0.1 5602158 80
5 1 2828 100 0.1 5602158 90
5 1 3144 100 0.1 5602158 100
5 1 3454 100 0.1 5602158 110
5 1 3770 100 0.1 5602158 120
5 1 4087 100 0.1 5602158 130
5 1 4405 100 0.1 5602158 140
5 1 4721 100 0.1 5602158 150
5 1 5040 100 0.1 5602158 160
5 1 5360 100 0.1 5602158 170
5 1 5668 100 0.1 5602158 180
5 1 5988 100 0.1 5602158 190
5 1 6308 100 0.1 5602158 200
5 1 6627 100 0.1 5602158 210
5 1 6947 100 0.1 5602158 220
5 1 7267 100 0.1 5602158 230
5 1 7587 100 0.1 5602158 240
5 1 7905 100 0.1 5602158 250
5 1 8226 100 0.1 5602158 260
5 1 8546 100 0.1 5602158 270
5 1 8867 100 0.1 5602158 280
5 1 9185 100 0.1 5602158 290
5 1 9489 100 0.1 5602158 300
5 2 0 100 0.1 5728176 0
5 2 286 100 0.1 5676406 10
5 2 601 100 0.1 5655866 20
5 2 915 100 0.1 5655866 30
5 2 1231 100 0.1 5633840 40
5 2 1541 100 0.1 5633840 50
5 2 1858 100 0.1 5633840 60
5 2 2176 100 0.1 5633840 70
5 2 2494 100 0.1 5633840 80
5 2 2812 100 0.1 5633840 90
5 2 3127 100 0.1 5631472 100
5 2 3449 100 0.1 5631472 110
5 2 3771 100 0.1 5631472 120
5 2 4096 100 0.1 5631472 130
5 2 4422 100 0.1 5631472 140
5 2 4746 100 0.1 5631472 150
5 2 5073 100 0.1 5631472 160
5 2 5398 100 0.1 5627980 170
5 2 5726 100 0.1 5616892 180
5 2 6052 100 0.1 5616892 190
5 2 6379 100 0.1 5616892 200
5 2 6707 100 0.1 5616892 210
5 2 7033 100 0.1 5616892 220
5 2 7363 100 0.1 5616892 230
5 2 7689 100 0.1 5616892 240
5 2 8014 100 0.1 5616892 250
5 2 8340 100 0.1 5616892 260
5 2 8665 100 0.1 5616892 270
5 2 8991 100 0.1 5616892 280
5 2 9314 100 0.1 5616892 290
5 2 9604 100 0.1 5616892 300
5 3 0 100 0.1 5771918 0
5 3 304 100 0.1 5650474 10
5 3 639 100 0.1 5646830 20
5 3 975 100 0.1 5646830 30
5 3 1303 100 0.1 5646830 40
5 3 1634 100 0.1 5646830 50
5 3 1970 100 0.1 5646830 60
5 3 2311 100 0.1 5646830 70
5 3 2653 100 0.1 5646830 80
5 3 2993 100 0.1 5646830 90
5 3 3327 100 0.1 5646830 100
5 3 3664 100 0.1 5646830 110
5 3 4001 100 0.1 5646830 120
5 3 4341 100 0.1 5646830 130
5 3 4674 100 0.1 5646830 140
5 3 5006 100 0.1 5646830 150
5 3 5342 100 0.1 5646830 160
5 3 5659 100 0.1 5646830 170
5 3 5982 100 0.1 5646830 180
5 3 6309 100 0.1 5646830 190
5 3 6645 100 0.1 5616998 200
5 3 6982 100 0.1 5589036 210
5 3 7320 100 0.1 5589036 220
5 3 7655 100 0.1 5589036 230
5 3 7989 100 0.1 5589036 240
5 3 8330 100 0.1 5589036 250
5 3 8666 100 0.1 5589036 260
5 3 9008 100 0.1 5589036 270
5 3 9352 100 0.1 5589036 280
5 3 9697 100 0.1 5589036 290
5 3 10035 100 0.1 5589036 300
5 4 0 100 0.1 5748754 0
5 4 301 100 0.1 5678052 10
5 4 636 100 0.1 5678052 20
5 4 976 100 0.1 5674494 30
5 4 1307 100 0.1 5673342 40
5 4 1642 100 0.1 5647116 50
5 4 1958 100 0.1 5647116 60
5 4 2288 100 0.1 5635656 70
5 4 2619 100 0.1 5635656 80
5 4 2959 100 0.1 5603642 90
5 4 3296 100 0.1 5603642 100
5 4 3629 100 0.1 5603642 110
5 4 3955 100 0.1 5603642 120
5 4 4290 100 0.1 5603642 130
5 4 4629 100 0.1 5603642 140
5 4 4964 100 0.1 5603642 150
5 4 5299 100 0.1 5603642 160
5 4 5633 100 0.1 5603642 170
5 4 5968 100 0.1 5603642 180
5 4 6305 100 0.1 5603642 190
5 4 6645 100 0.1 5603642 200
5 4 6983 100 0.1 5603642 210
5 4 7321 100 0.1 5602872 220
5 4 7656 100 0.1 5602872 230
5 4 7990 100 0.1 5602872 240
5 4 8318 100 0.1 5602872 250
5 4 8656 100 0.1 5602872 260
5 4 8979 100 0.1 5602872 270
5 4 9307 100 0.1 5602872 280
5 4 9644 100 0.1 5602872 290
5 4 9977 100 0.1 5602872 300
5 5 0 100 0.1 5758704 0
5 5 299 100 0.1 5652210 10
5 5 622 100 0.1 5652210 20
5 5 918 100 0.1 5652210 30
5 5 1243 100 0.1 5652210 40
5 5 1541 100 0.1 5652210 50
5 5 1868 100 0.1 5652210 60
5 5 2200 100 0.1 5652210 70
5 5 2536 100 0.1 5652210 80
5 5 2866 100 0.1 5652210 90
5 5 3202 100 0.1 5652210 100
5 5 3546 100 0.1 5652210 110
5 5 3887 100 0.1 5652210 120
5 5 4224 100 0.1 5629760 130
5 5 4568 100 0.1 5629760 140
5 5 4909 100 0.1 5629760 150
5 5 5252 100 0.1 5629760 160
5 5 5584 100 0.1 5629760 170
5 5 5905 100 0.1 5629760 180
5 5 6235 100 0.1 5629760 190
5 5 6570 100 0.1 5629760 200
5 5 6905 100 0.1 5629760 210
5 5 7238 100 0.1 5629760 220
5 5 7575 100 0.1 5629760 230
5 5 7903 100 0.1 5629760 240
5 5 8243 100 0.1 5629760 250
5 5 8580 100 0.1 5629760 260
5 5 8925 100 0.1 5629760 270
5 5 9269 100 0.1 5629760 280
5 5 9605 100 0.1 5623378 290
5 5 9939 100 0.1 5612650 300
6 1 0 10 0.1 5830482 0
6 1 3303 10 0.1 5647056 10
6 1 6630 10 0.1 5647056 20
6 1 9941 10 0.1 5647056 30
6 1 13319 10 0.1 5647056 40
6 1 16592 10 0.1 5647056 50
6 1 19906 10 0.1 5647056 60
6 1 23278 10 0.1 5647056 70
6 1 26587 10 0.1 5647056 80
6 1 29827 10 0.1 5647056 90
6 1 33170 10 0.1 5647056 100
6 1 36511 10 0.1 5647056 110
6 1 39904 10 0.1 5647056 120
6 1 43352 10 0.1 5647056 130
6 1 46723 10 0.1 5647056 140
6 1 50168 10 0.1 5647056 150
6 1 53621 10 0.1 5647056 160
6 1 57077 10 0.1 5647056 170
6 1 60519 10 0.1 5647056 180
6 1 63843 10 0.1 5647056 190
6 1 67243 10 0.1 5647056 200
6 1 70716 10 0.1 5647056 210
6 1 74185 10 0.1 5647056 220
6 1 77612 10 0.1 5647056 230
6 1 80919 10 0.1 5647056 240
6 1 84236 10 0.1 5647056 250
6 1 87619 10 0.1 5647056 260
6 1 90910 10 0.1 5647056 270
6 1 94089 10 0.1 5647056 280
6 1 97344 10 0.1 5647056 290
6 1 100634 10 0.1 5647056 300
6 2 0 10 0.1 5752792 0
6 2 3208 10 0.1 5669004 10
6 2 6280 10 0.1 5641232 20
6 2 9611 10 0.1 5641232 30
6 2 12952 10 0.1 5641232 40
6 2 16328 10 0.1 5641232 50
6 2 19715 10 0.1 5641232 60
6 2 23061 10 0.1 5641232 70
6 2 26445 10 0.1 5641232 80
6 2 29763 10 0.1 5626634 90
6 2 33112 10 0.1 5626634 100
6 2 36447 10 0.1 5626634 110
6 2 39804 10 0.1 5625806 120
6 2 43233 10 0.1 5625806 130
6 2 46590 10 0.1 5625806 140
6 2 49957 10 0.1 5622518 150
6 2 53241 10 0.1 5622438 160
6 2 56570 10 0.1 5587180 170
6 2 59894 10 0.1 5587180 180
6 2 63260 10 0.1 5587180 190
6 2 66653 10 0.1 5587180 200
6 2 70007 10 0.1 5587180 210
6 2 73361 10 0.1 5587180 220
6 2 76775 10 0.1 5587180 230
6 2 80179 10 0.1 5587180 240
6 2 83489 10 0.1 5587180 250
6 2 86810 10 0.1 5587180 260
6 2 90179 10 0.1 5587180 270
6 2 93562 10 0.1 5587180 280
6 2 96869 10 0.1 5587180 290
6 2 100255 10 0.1 5587180 300
6 3 0 10 0.1 5805156 0
6 3 3273 10 0.1 5657066 10
6 3 6628 10 0.1 5657066 20
6 3 9982 10 0.1 5657066 30
6 3 13272 10 0.1 5640524 40
6 3 16606 10 0.1 5640524 50
6 3 19992 10 0.1 5612796 60
6 3 23337 10 0.1 5581858 70
6 3 26676 10 0.1 5581858 80
6 3 30064 10 0.1 5581858 90
6 3 33450 10 0.1 5581858 100
6 3 36819 10 0.1 5581858 110
6 3 40216 10 0.1 5581858 120
6 3 43576 10 0.1 5581858 130
6 3 46966 10 0.1 5581858 140
6 3 50364 10 0.1 5581858 150
6 3 53734 10 0.1 5581858 160
6 3 57178 10 0.1 5581858 170
6 3 60617 10 0.1 5581858 180
6 3 64005 10 0.1 5581858 190
6 3 67352 10 0.1 5581858 200
6 3 70778 10 0.1 5581858 210
6 3 74196 10 0.1 5581858 220
6 3 77533 10 0.1 5581858 230
6 3 80944 10 0.1 5581858 240
6 3 84362 10 0.1 5581858 250
6 3 87665 10 0.1 5581858 260
6 3 90994 10 0.1 5581858 270
6 3 94350 10 0.1 5581858 280
6 3 97665 10 0.1 5581858 290
6 3 101029 10 0.1 5581858 300
6 4 0 10 0.1 5738094 0
6 4 3278 10 0.1 5626236 10
6 4 6623 10 0.1 5626236 20
6 4 9876 10 0.1 5626236 30
6 4 13198 10 0.1 5618222 40
6 4 16441 10 0.1 5618222 50
6 4 19594 10 0.1 5618222 60
6 4 22928 10 0.1 5618222 70
6 4 26188 10 0.1 5618222 80
6 4 29260 10 0.1 5618222 90
6 4 32416 10 0.1 5618222 100
6 4 35605 10 0.1 5618222 110
6 4 38787 10 0.1 5618222 120
6 4 41991 10 0.1 5618222 130
6 4 45243 10 0.1 5618222 140
6 4 48611 10 0.1 5618222 150
6 4 51905 10 0.1 5618222 160
6 4 55223 10 0.1 5618222 170
6 4 58572 10 0.1 5609430 180
6 4 61926 10 0.1 5609430 190
6 4 65329 10 0.1 5609430 200
6 4 68640 10 0.1 5609430 210
6 4 72002 10 0.1 5609430 220
6 4 75335 10 0.1 5609430 230
6 4 78684 10 0.1 5609430 240
6 4 82008 10 0.1 5609430 250
6 4 85408 10 0.1 5609430 260
6 4 88716 10 0.1 5609430 270
6 4 92093 10 0.1 5609430 280
6 4 95443 10 0.1 5609430 290
6 4 98782 10 0.1 5609430 300
6 5 0 10 0.1 5790484 0
6 5 3339 10 0.1 5661168 10
6 5 6692 10 0.1 5638220 20
6 5 10088 10 0.1 5638220 30
6 5 13225 10 0.1 5638220 40
6 5 16444 10 0.1 5638220 50
6 5 19546 10 0.1 5638220 60
6 5 22875 10 0.1 5638220 70
6 5 26175 10 0.1 5638220 80
6 5 29472 10 0.1 5638220 90
6 5 32803 10 0.1 5638220 100
6 5 36148 10 0.1 5638220 110
6 5 39475 10 0.1 5638220 120
6 5 42829 10 0.1 5638220 130
6 5 46202 10 0.1 5638220 140
6 5 49566 10 0.1 5638220 150
6 5 52973 10 0.1 5637374 160
6 5 56382 10 0.1 5637374 170
6 5 59781 10 0.1 5637374 180
6 5 63147 10 0.1 5637374 190
6 5 66479 10 0.1 5637374 200
6 5 69854 10 0.1 5637374 210
6 5 73248 10 0.1 5637374 220
6 5 76569 10 0.1 5637374 230
6 5 79965 10 0.1 5637374 240
6 5 83380 10 0.1 5637374 250
6 5 86705 10 0.1 5637374 260
6 5 90081 10 0.1 5637374 270
6 5 93358 10 0.1 5637374 280
6 5 96499 10 0.1 5637374 290
6 5 99766 10 0.1 5637374 300
