1 1 0 100 0.9 5730674 0
1 1 304 100 0.9 5675722 10
1 1 639 100 0.9 5670120 20
1 1 974 100 0.9 5657876 30
1 1 1310 100 0.9 5657876 40
1 1 1648 100 0.9 5657876 50
1 1 1986 100 0.9 5657876 60
1 1 2323 100 0.9 5657876 70
1 1 2657 100 0.9 5657876 80
1 1 2989 100 0.9 5657876 90
1 1 3326 100 0.9 5657876 100
1 1 3664 100 0.9 5657876 110
1 1 4000 100 0.9 5657876 120
1 1 4341 100 0.9 5643630 130
1 1 4678 100 0.9 5643630 140
1 1 5018 100 0.9 5643630 150
1 1 5357 100 0.9 5643630 160
1 1 5698 100 0.9 5643630 170
1 1 6037 100 0.9 5643630 180
1 1 6380 100 0.9 5643630 190
1 1 6722 100 0.9 5643630 200
1 1 7059 100 0.9 5643630 210
1 1 7394 100 0.9 5643630 220
1 1 7728 100 0.9 5643630 230
1 1 8067 100 0.9 5643630 240
1 1 8408 100 0.9 5643630 250
1 1 8745 100 0.9 5643630 260
1 1 9086 100 0.9 5643630 270
1 1 9422 100 0.9 5643630 280
1 1 9755 100 0.9 5629014 290
1 1 10090 100 0.9 5629014 300
1 2 0 100 0.9 5766414 0
1 2 313 100 0.9 5661956 10
1 2 643 100 0.9 5661956 20
1 2 984 100 0.9 5661956 30
1 2 1320 100 0.9 5661956 40
1 2 1650 100 0.9 5653730 50
1 2 1985 100 0.9 5653730 60
1 2 2326 100 0.9 5653730 70
1 2 2661 100 0.9 5653730 80
1 2 2992 100 0.9 5653730 90
1 2 3328 100 0.9 5653730 100
1 2 3664 100 0.9 5653730 110
1 2 4000 100 0.9 5644364 120
1 2 4336 100 0.9 5644364 130
1 2 4669 100 0.9 5642550 140
1 2 5005 100 0.9 5642550 150
1 2 5344 100 0.9 5635188 160
1 2 5680 100 0.9 5635188 170
1 2 6012 100 0.9 5635188 180
1 2 6347 100 0.9 5635188 190
1 2 6680 100 0.9 5635188 200
1 2 7017 100 0.9 5635188 210
1 2 7347 100 0.9 5635188 220
1 2 7680 100 0.9 5635188 230
1 2 8017 100 0.9 5635188 240
1 2 8352 100 0.9 5635188 250
1 2 8697 100 0.9 5635188 260
1 2 9041 100 0.9 5635188 270
1 2 9388 100 0.9 5635188 280
1 2 9729 100 0.9 5635188 290
1 2 10071 100 0.9 5635188 300
1 3 0 100 0.9 5728012 0
1 3 310 100 0.9 5646670 10
1 3 653 100 0.9 5646670 20
1 3 975 100 0.9 5646670 30
1 3 1305 100 0.9 5646632 40
1 3 1638 100 0.9 5646632 50
1 3 1972 100 0.9 5646632 60
1 3 2262 100 0.9 5646632 70
1 3 2582 100 0.9 5632896 80
1 3 2876 100 0.9 5592378 90
1 3 3193 100 0.9 5592378 100
1 3 3525 100 0.9 5592378 110
1 3 3852 100 0.9 5592378 120
1 3 4179 100 0.9 5592378 130
1 3 4495 100 0.9 5592378 140
1 3 4825 100 0.9 5592378 150
1 3 5156 100 0.9 5592378 160
1 3 5491 100 0.9 5592378 170
1 3 5825 100 0.9 5592378 180
1 3 6149 100 0.9 5592378 190
1 3 6453 100 0.9 5592378 200
1 3 6770 100 0.9 5592378 210
1 3 7096 100 0.9 5592378 220
1 3 7430 100 0.9 5592378 230
1 3 7766 100 0.9 5592378 240
1 3 8092 100 0.9 5592378 250
1 3 8428 100 0.9 5592378 260
1 3 8761 100 0.9 5592378 270
1 3 9098 100 0.9 5592378 280
1 3 9677 100 0.9 5592378 300
1 4 0 100 0.9 5747022 0
1 4 316 100 0.9 5677058 10
1 4 642 100 0.9 5673306 20
1 4 971 100 0.9 5668716 30
1 4 1286 100 0.9 5606402 40
1 4 1600 100 0.9 5606402 50
1 4 1904 100 0.9 5606402 60
1 4 2230 100 0.9 5606402 70
1 4 2561 100 0.9 5606402 80
1 4 2895 100 0.9 5606402 90
1 4 3227 100 0.9 5606402 100
1 4 3561 100 0.9 5606402 110
1 4 3896 100 0.9 5606402 120
1 4 4231 100 0.9 5606402 130
1 4 4564 100 0.9 5606402 140
1 4 4899 100 0.9 5606402 150
1 4 5241 100 0.9 5606402 160
1 4 5581 100 0.9 5606402 170
1 4 5909 100 0.9 5606402 180
1 4 6246 100 0.9 5606402 190
1 4 6588 100 0.9 5606402 200
1 4 6923 100 0.9 5606402 210
1 4 7262 100 0.9 5606402 220
1 4 7597 100 0.9 5606402 230
1 4 7916 100 0.9 5606402 240
1 4 8240 100 0.9 5606402 250
1 4 8569 100 0.9 5606402 260
1 4 8894 100 0.9 5606402 270
1 4 9227 100 0.9 5606402 280
1 4 9555 100 0.9 5606402 290
1 4 9875 100 0.9 5606402 300
1 5 0 100 0.9 5737624 0
1 5 289 100 0.9 5668160 10
1 5 632 100 0.9 5668160 20
1 5 975 100 0.9 5666672 30
1 5 1292 100 0.9 5666672 40
1 5 1608 100 0.9 5666672 50
1 5 1918 100 0.9 5611340 60
1 5 2202 100 0.9 5611340 70
1 5 2483 100 0.9 5611340 80
1 5 2808 100 0.9 5611340 90
1 5 3117 100 0.9 5611340 100
1 5 3438 100 0.9 5611340 110
1 5 3759 100 0.9 5611340 120
1 5 4090 100 0.9 5611340 130
1 5 4428 100 0.9 5611340 140
1 5 4767 100 0.9 5611340 150
1 5 5096 100 0.9 5611340 160
1 5 5438 100 0.9 5611340 170
1 5 5780 100 0.9 5611340 180
1 5 6121 100 0.9 5611340 190
1 5 6462 100 0.9 5611340 200
1 5 6808 100 0.9 5611340 210
1 5 7149 100 0.9 5611340 220
1 5 7488 100 0.9 5611340 230
1 5 7829 100 0.9 5611340 240
1 5 8170 100 0.9 5611340 250
1 5 8516 100 0.9 5611340 260
1 5 8864 100 0.9 5611340 270
1 5 9214 100 0.9 5611340 280
1 5 9564 100 0.9 5611340 290
1 5 9900 100 0.9 5611340 300
2 1 0 100 0.5 5730674 0
2 1 307 100 0.5 5675722 10
2 1 647 100 0.5 5670120 20
2 1 982 100 0.5 5657876 30
2 1 1319 100 0.5 5657876 40
2 1 1659 100 0.5 5657876 50
2 1 1971 100 0.5 5657876 60
2 1 2270 100 0.5 5657876 70
2 1 2570 100 0.5 5657876 80
2 1 2903 100 0.5 5657876 90
2 1 3233 100 0.5 5657876 100
2 1 3573 100 0.5 5657876 110
2 1 3886 100 0.5 5657876 120
2 1 4225 100 0.5 5657876 130
2 1 4565 100 0.5 5643630 140
2 1 4912 100 0.5 5643630 150
2 1 5259 100 0.5 5643630 160
2 1 5606 100 0.5 5643630 170
2 1 5950 100 0.5 5643630 180
2 1 6289 100 0.5 5643630 190
2 1 6632 100 0.5 5643630 200
2 1 6974 100 0.5 5643630 210
2 1 7314 100 0.5 5643630 220
2 1 7653 100 0.5 5643630 230
2 1 7997 100 0.5 5643630 240
2 1 8342 100 0.5 5643630 250
2 1 8690 100 0.5 5643630 260
2 1 9040 100 0.5 5643630 270
2 1 9383 100 0.5 5643630 280
2 1 9723 100 0.5 5629014 290
2 1 10068 100 0.5 5629014 300
2 2 0 100 0.5 5766414 0
2 2 314 100 0.5 5661956 10
2 2 654 100 0.5 5661956 20
2 2 985 100 0.5 5661956 30
2 2 1316 100 0.5 5661956 40
2 2 1647 100 0.5 5653730 50
2 2 1986 100 0.5 5653730 60
2 2 2322 100 0.5 5653730 70
2 2 2643 100 0.5 5653730 80
2 2 2978 100 0.5 5653730 90
2 2 3312 100 0.5 5653730 100
2 2 3647 100 0.5 5653730 110
2 2 3981 100 0.5 5644364 120
2 2 4321 100 0.5 5644364 130
2 2 4660 100 0.5 5642550 140
2 2 4992 100 0.5 5642550 150
2 2 5320 100 0.5 5635188 160
2 2 5654 100 0.5 5635188 170
2 2 5994 100 0.5 5635188 180
2 2 6335 100 0.5 5635188 190
2 2 6675 100 0.5 5635188 200
2 2 7011 100 0.5 5635188 210
2 2 7344 100 0.5 5635188 220
2 2 7684 100 0.5 5635188 230
2 2 8026 100 0.5 5635188 240
2 2 8365 100 0.5 5635188 250
2 2 8707 100 0.5 5635188 260
2 2 9053 100 0.5 5635188 270
2 2 9379 100 0.5 5635188 280
2 2 9723 100 0.5 5635188 290
2 2 10058 100 0.5 5635188 300
2 3 0 100 0.5 5728012 0
2 3 306 100 0.5 5646670 10
2 3 643 100 0.5 5646670 20
2 3 986 100 0.5 5646670 30
2 3 1326 100 0.5 5646632 40
2 3 1662 100 0.5 5646632 50
2 3 2005 100 0.5 5646632 60
2 3 2329 100 0.5 5646632 70
2 3 2638 100 0.5 5632896 80
2 3 2963 100 0.5 5592378 90
2 3 3273 100 0.5 5592378 100
2 3 3610 100 0.5 5592378 110
2 3 3948 100 0.5 5592378 120
2 3 4287 100 0.5 5592378 130
2 3 4625 100 0.5 5592378 140
2 3 4964 100 0.5 5592378 150
2 3 5307 100 0.5 5592378 160
2 3 5651 100 0.5 5592378 170
2 3 5990 100 0.5 5592378 180
2 3 6330 100 0.5 5592378 190
2 3 6669 100 0.5 5592378 200
2 3 7008 100 0.5 5592378 210
2 3 7349 100 0.5 5592378 220
2 3 7689 100 0.5 5592378 230
2 3 8032 100 0.5 5592378 240
2 3 8372 100 0.5 5592378 250
2 3 8709 100 0.5 5592378 260
2 3 9050 100 0.5 5592378 270
2 3 9391 100 0.5 5592378 280
2 3 9731 100 0.5 5592378 290
2 3 10070 100 0.5 5592378 300
2 4 0 100 0.5 5747022 0
2 4 312 100 0.5 5677058 10
2 4 650 100 0.5 5673306 20
2 4 986 100 0.5 5668716 30
2 4 1322 100 0.5 5606402 40
2 4 1663 100 0.5 5606402 50
2 4 2004 100 0.5 5606402 60
2 4 2347 100 0.5 5606402 70
2 4 2685 100 0.5 5606402 80
2 4 3023 100 0.5 5606402 90
2 4 3358 100 0.5 5606402 100
2 4 3697 100 0.5 5606402 110
2 4 4024 100 0.5 5606402 120
2 4 4343 100 0.5 5606402 130
2 4 4653 100 0.5 5606402 140
2 4 4958 100 0.5 5606402 150
2 4 5269 100 0.5 5606402 160
2 4 5582 100 0.5 5606402 170
2 4 5891 100 0.5 5606402 180
2 4 6202 100 0.5 5606402 190
2 4 6512 100 0.5 5606402 200
2 4 6827 100 0.5 5606402 210
2 4 7136 100 0.5 5606402 220
2 4 7443 100 0.5 5606402 230
2 4 7756 100 0.5 5606402 240
2 4 8069 100 0.5 5606402 250
2 4 8381 100 0.5 5606402 260
2 4 8692 100 0.5 5606402 270
2 4 8999 100 0.5 5606402 280
2 4 9306 100 0.5 5606402 290
2 4 9617 100 0.5 5606402 300
2 5 0 100 0.5 5737624 0
2 5 281 100 0.5 5668160 10
2 5 594 100 0.5 5668160 20
2 5 908 100 0.5 5666672 30
2 5 1217 100 0.5 5666672 40
2 5 1530 100 0.5 5666672 50
2 5 1842 100 0.5 5611340 60
2 5 2149 100 0.5 5611340 70
2 5 2444 100 0.5 5611340 80
2 5 2746 100 0.5 5611340 90
2 5 3054 100 0.5 5611340 100
2 5 3370 100 0.5 5611340 110
2 5 3678 100 0.5 5611340 120
2 5 3986 100 0.5 5611340 130
2 5 4280 100 0.5 5611340 140
2 5 4560 100 0.5 5611340 150
2 5 4834 100 0.5 5611340 160
2 5 5117 100 0.5 5611340 170
2 5 5394 100 0.5 5611340 180
2 5 5670 100 0.5 5611340 190
2 5 5944 100 0.5 5611340 200
2 5 6211 100 0.5 5611340 210
2 5 6469 100 0.5 5611340 220
2 5 6730 100 0.5 5611340 230
2 5 7014 100 0.5 5611340 240
2 5 7297 100 0.5 5611340 250
2 5 7584 100 0.5 5611340 260
2 5 7848 100 0.5 5611340 270
2 5 8112 100 0.5 5611340 280
2 5 8368 100 0.5 5611340 290
2 5 8627 100 0.5 5611340 300
3 1 0 10 0.9 5827206 0
3 1 2520 10 0.9 5679468 10
3 1 5230 10 0.9 5670120 20
3 1 7928 10 0.9 5669750 30
3 1 10523 10 0.9 5657876 40
3 1 13299 10 0.9 5657876 50
3 1 16100 10 0.9 5657876 60
3 1 18869 10 0.9 5657876 70
3 1 21486 10 0.9 5657876 80
3 1 24201 10 0.9 5657876 90
3 1 26863 10 0.9 5657876 100
3 1 29628 10 0.9 5657876 110
3 1 32313 10 0.9 5657876 120
3 1 34939 10 0.9 5657876 130
3 1 37619 10 0.9 5657876 140
3 1 40437 10 0.9 5657876 150
3 1 43134 10 0.9 5657876 160
3 1 45739 10 0.9 5643630 170
3 1 48411 10 0.9 5643630 180
3 1 51108 10 0.9 5643630 190
3 1 53815 10 0.9 5643630 200
3 1 56494 10 0.9 5643630 210
3 1 59047 10 0.9 5643630 220
3 1 61769 10 0.9 5643630 230
3 1 64541 10 0.9 5643630 240
3 1 67207 10 0.9 5643630 250
3 1 69877 10 0.9 5643630 260
3 1 72493 10 0.9 5643630 270
3 1 75103 10 0.9 5643630 280
3 1 77767 10 0.9 5643630 290
3 1 80382 10 0.9 5643630 300
3 2 0 10 0.9 5821700 0
3 2 2570 10 0.9 5661956 10
3 2 5271 10 0.9 5661956 20
3 2 7844 10 0.9 5661956 30
3 2 10382 10 0.9 5661956 40
3 2 13299 10 0.9 5661956 50
3 2 16422 10 0.9 5653730 60
3 2 19614 10 0.9 5653730 70
3 2 22785 10 0.9 5653730 80
3 2 26015 10 0.9 5653730 90
3 2 29261 10 0.9 5653730 100
3 2 32555 10 0.9 5653730 110
3 2 35825 10 0.9 5653730 120
3 2 39050 10 0.9 5644364 130
3 2 42044 10 0.9 5644364 140
3 2 45162 10 0.9 5642550 150
3 2 48538 10 0.9 5642550 160
3 2 51924 10 0.9 5642550 170
3 2 55223 10 0.9 5635188 180
3 2 58529 10 0.9 5635188 190
3 2 61841 10 0.9 5635188 200
3 2 65148 10 0.9 5635188 210
3 2 68514 10 0.9 5635188 220
3 2 71800 10 0.9 5635188 230
3 2 75124 10 0.9 5635188 240
3 2 78490 10 0.9 5635188 250
3 2 81795 10 0.9 5635188 260
3 2 85092 10 0.9 5635188 270
3 2 88392 10 0.9 5635188 280
3 2 91747 10 0.9 5635188 290
3 2 95115 10 0.9 5635188 300
3 3 0 10 0.9 5879740 0
3 3 3317 10 0.9 5646670 10
3 3 6692 10 0.9 5646670 20
3 3 10037 10 0.9 5646632 30
3 3 13409 10 0.9 5646632 40
3 3 16798 10 0.9 5646632 50
3 3 20162 10 0.9 5646632 60
3 3 23517 10 0.9 5646632 70
3 3 26844 10 0.9 5592378 80
3 3 30167 10 0.9 5592378 90
3 3 33483 10 0.9 5592378 100
3 3 36800 10 0.9 5592378 110
3 3 40126 10 0.9 5592378 120
3 3 43472 10 0.9 5592378 130
3 3 46739 10 0.9 5592378 140
3 3 50052 10 0.9 5592378 150
3 3 53370 10 0.9 5592378 160
3 3 56673 10 0.9 5592378 170
3 3 60045 10 0.9 5592378 180
3 3 63361 10 0.9 5592378 190
3 3 66702 10 0.9 5592378 200
3 3 70041 10 0.9 5592378 210
3 3 73368 10 0.9 5592378 220
3 3 76706 10 0.9 5592378 230
3 3 80028 10 0.9 5592378 240
3 3 83330 10 0.9 5592378 250
3 3 86639 10 0.9 5592378 260
3 3 89917 10 0.9 5592378 270
3 3 93225 10 0.9 5592378 280
3 3 96505 10 0.9 5592378 290
3 3 99805 10 0.9 5592378 300
3 4 0 10 0.9 5790518 0
3 4 3318 10 0.9 5677058 10
3 4 6660 10 0.9 5673306 20
3 4 9958 10 0.9 5668716 30
3 4 13331 10 0.9 5606402 40
3 4 16729 10 0.9 5606402 50
3 4 20161 10 0.9 5606402 60
3 4 23504 10 0.9 5606402 70
3 4 26833 10 0.9 5606402 80
3 4 30185 10 0.9 5606402 90
3 4 33631 10 0.9 5606402 100
3 4 37080 10 0.9 5606402 110
3 4 40444 10 0.9 5606402 120
3 4 43787 10 0.9 5606402 130
3 4 47218 10 0.9 5606402 140
3 4 50581 10 0.9 5606402 150
3 4 53961 10 0.9 5606402 160
3 4 57323 10 0.9 5606402 170
3 4 60745 10 0.9 5606402 180
3 4 64089 10 0.9 5606402 190
3 4 67470 10 0.9 5606402 200
3 4 70792 10 0.9 5606402 210
3 4 74097 10 0.9 5606402 220
3 4 77445 10 0.9 5606402 230
3 4 80758 10 0.9 5606402 240
3 4 84172 10 0.9 5606402 250
3 4 87489 10 0.9 5606402 260
3 4 90854 10 0.9 5606402 270
3 4 94239 10 0.9 5606402 280
3 4 97609 10 0.9 5606402 290
3 4 100927 10 0.9 5606402 300
3 5 0 10 0.9 5751798 0
3 5 3275 10 0.9 5668160 10
3 5 6576 10 0.9 5668160 20
3 5 9949 10 0.9 5666672 30
3 5 13270 10 0.9 5666672 40
3 5 16626 10 0.9 5611340 50
3 5 19993 10 0.9 5611340 60
3 5 23299 10 0.9 5611340 70
3 5 26587 10 0.9 5611340 80
3 5 29873 10 0.9 5611340 90
3 5 33165 10 0.9 5611340 100
3 5 36457 10 0.9 5611340 110
3 5 39780 10 0.9 5611340 120
3 5 43127 10 0.9 5611340 130
3 5 46483 10 0.9 5611340 140
3 5 49905 10 0.9 5611340 150
3 5 53258 10 0.9 5611340 160
3 5 56601 10 0.9 5611340 170
3 5 59924 10 0.9 5611340 180
3 5 63300 10 0.9 5611340 190
3 5 66628 10 0.9 5611340 200
3 5 69964 10 0.9 5611340 210
3 5 73326 10 0.9 5611340 220
3 5 76663 10 0.9 5611340 230
3 5 80017 10 0.9 5611340 240
3 5 83360 10 0.9 5611340 250
3 5 86724 10 0.9 5611340 260
3 5 90106 10 0.9 5611340 270
3 5 93476 10 0.9 5611340 280
3 5 96798 10 0.9 5611340 290
3 5 100166 10 0.9 5611340 300
4 1 0 10 0.5 5827206 0
4 1 3313 10 0.5 5675722 10
4 1 6749 10 0.5 5670120 20
4 1 10180 10 0.5 5657876 30
4 1 13637 10 0.5 5657876 40
4 1 17099 10 0.5 5657876 50
4 1 20537 10 0.5 5657876 60
4 1 23893 10 0.5 5657876 70
4 1 27312 10 0.5 5657876 80
4 1 30687 10 0.5 5657876 90
4 1 34075 10 0.5 5657876 100
4 1 37459 10 0.5 5657876 110
4 1 40800 10 0.5 5657876 120
4 1 44174 10 0.5 5643630 130
4 1 47541 10 0.5 5643630 140
4 1 50924 10 0.5 5643630 150
4 1 54335 10 0.5 5643630 160
4 1 57760 10 0.5 5643630 170
4 1 61179 10 0.5 5643630 180
4 1 64614 10 0.5 5643630 190
4 1 68066 10 0.5 5643630 200
4 1 71505 10 0.5 5643630 210
4 1 74953 10 0.5 5643630 220
4 1 78377 10 0.5 5643630 230
4 1 81660 10 0.5 5643630 240
4 1 85073 10 0.5 5643630 250
4 1 88474 10 0.5 5643630 260
4 1 91848 10 0.5 5643630 270
4 1 95189 10 0.5 5643630 280
4 1 98519 10 0.5 5629014 290
4 1 101891 10 0.5 5629014 300
4 2 0 10 0.5 5821700 0
4 2 3216 10 0.5 5661956 10
4 2 6569 10 0.5 5661956 20
4 2 9889 10 0.5 5661956 30
4 2 13231 10 0.5 5661956 40
4 2 16562 10 0.5 5653730 50
4 2 19877 10 0.5 5653730 60
4 2 23219 10 0.5 5653730 70
4 2 26501 10 0.5 5653730 80
4 2 29869 10 0.5 5653730 90
4 2 33234 10 0.5 5653730 100
4 2 36549 10 0.5 5653730 110
4 2 39850 10 0.5 5636738 120
4 2 43188 10 0.5 5636738 130
4 2 46560 10 0.5 5636738 140
4 2 49939 10 0.5 5636738 150
4 2 53292 10 0.5 5635188 160
4 2 56660 10 0.5 5635188 170
4 2 59989 10 0.5 5635188 180
4 2 63337 10 0.5 5635188 190
4 2 66737 10 0.5 5635188 200
4 2 70067 10 0.5 5635188 210
4 2 73334 10 0.5 5635188 220
4 2 76687 10 0.5 5635188 230
4 2 80046 10 0.5 5635188 240
4 2 83372 10 0.5 5635188 250
4 2 86711 10 0.5 5635188 260
4 2 90005 10 0.5 5635188 270
4 2 93385 10 0.5 5635188 280
4 2 96718 10 0.5 5635188 290
4 2 100046 10 0.5 5635188 300
4 3 0 10 0.5 5879740 0
4 3 3277 10 0.5 5646670 10
4 3 6611 10 0.5 5646670 20
4 3 10009 10 0.5 5646632 30
4 3 13406 10 0.5 5646632 40
4 3 16771 10 0.5 5646632 50
4 3 20119 10 0.5 5646632 60
4 3 23420 10 0.5 5646632 70
4 3 26725 10 0.5 5592378 80
4 3 30008 10 0.5 5592378 90
4 3 33341 10 0.5 5592378 100
4 3 36619 10 0.5 5592378 110
4 3 39900 10 0.5 5592378 120
4 3 43293 10 0.5 5592378 130
4 3 46688 10 0.5 5592378 140
4 3 50074 10 0.5 5592378 150
4 3 53401 10 0.5 5592378 160
4 3 56746 10 0.5 5592378 170
4 3 59965 10 0.5 5592378 180
4 3 63181 10 0.5 5592378 190
4 3 66472 10 0.5 5592378 200
4 3 69818 10 0.5 5592378 210
4 3 72958 10 0.5 5592378 220
4 3 76157 10 0.5 5592378 230
4 3 79392 10 0.5 5592378 240
4 3 82632 10 0.5 5592378 250
4 3 85834 10 0.5 5592378 260
4 3 89092 10 0.5 5592378 270
4 3 92398 10 0.5 5592378 280
4 3 95608 10 0.5 5592378 290
4 3 98877 10 0.5 5592378 300
4 4 0 10 0.5 5790518 0
4 4 3261 10 0.5 5677058 10
4 4 6547 10 0.5 5673306 20
4 4 9832 10 0.5 5668716 30
4 4 13127 10 0.5 5606402 40
4 4 16407 10 0.5 5606402 50
4 4 19722 10 0.5 5606402 60
4 4 23118 10 0.5 5606402 70
4 4 26387 10 0.5 5606402 80
4 4 29561 10 0.5 5606402 90
4 4 32797 10 0.5 5606402 100
4 4 36059 10 0.5 5606402 110
4 4 39268 10 0.5 5606402 120
4 4 42528 10 0.5 5606402 130
4 4 45814 10 0.5 5606402 140
4 4 49151 10 0.5 5606402 150
4 4 52375 10 0.5 5606402 160
4 4 55679 10 0.5 5606402 170
4 4 59035 10 0.5 5606402 180
4 4 62340 10 0.5 5606402 190
4 4 65607 10 0.5 5606402 200
4 4 68887 10 0.5 5606402 210
4 4 72194 10 0.5 5606402 220
4 4 75474 10 0.5 5606402 230
4 4 78755 10 0.5 5606402 240
4 4 82054 10 0.5 5606402 250
4 4 85373 10 0.5 5606402 260
4 4 88733 10 0.5 5606402 270
4 4 91938 10 0.5 5606402 280
4 4 95197 10 0.5 5606402 290
4 4 98416 10 0.5 5606402 300
4 5 0 10 0.5 5751798 0
4 5 3300 10 0.5 5668160 10
4 5 6629 10 0.5 5668160 20
4 5 9961 10 0.5 5666672 30
4 5 13328 10 0.5 5666672 40
4 5 16533 10 0.5 5611340 50
4 5 19792 10 0.5 5611340 60
4 5 23094 10 0.5 5611340 70
4 5 26346 10 0.5 5611340 80
4 5 29457 10 0.5 5611340 90
4 5 32658 10 0.5 5611340 100
4 5 35953 10 0.5 5611340 110
4 5 39277 10 0.5 5611340 120
4 5 42591 10 0.5 5611340 130
4 5 45898 10 0.5 5611340 140
4 5 49211 10 0.5 5611340 150
4 5 52460 10 0.5 5611340 160
4 5 55681 10 0.5 5611340 170
4 5 58991 10 0.5 5611340 180
4 5 62292 10 0.5 5611340 190
4 5 65576 10 0.5 5611340 200
4 5 68732 10 0.5 5611340 210
4 5 72021 10 0.5 5611340 220
4 5 75311 10 0.5 5611340 230
4 5 78638 10 0.5 5611340 240
4 5 82001 10 0.5 5611340 250
4 5 85366 10 0.5 5611340 260
4 5 88762 10 0.5 5611340 270
4 5 92025 10 0.5 5611340 280
4 5 95338 10 0.5 5611340 290
4 5 98578 10 0.5 5611340 300
5 1 0 100 0.1 5730674 0
5 1 295 100 0.1 5675722 10
5 1 619 100 0.1 5670120 20
5 1 935 100 0.1 5657876 30
5 1 1247 100 0.1 5657876 40
5 1 1577 100 0.1 5657876 50
5 1 1899 100 0.1 5657876 60
5 1 2144 100 0.1 5657876 70
5 1 2380 100 0.1 5657876 80
5 1 2683 100 0.1 5657876 90
5 1 3008 100 0.1 5657876 100
5 1 3339 100 0.1 5654070 110
5 1 3649 100 0.1 5654070 120
5 1 3980 100 0.1 5654070 130
5 1 4313 100 0.1 5654070 140
5 1 4639 100 0.1 5654070 150
5 1 4958 100 0.1 5652938 160
5 1 5252 100 0.1 5652938 170
5 1 5574 100 0.1 5652938 180
5 1 5900 100 0.1 5650350 190
5 1 6209 100 0.1 5616726 200
5 1 6539 100 0.1 5616726 210
5 1 6870 100 0.1 5616726 220
5 1 7202 100 0.1 5616726 230
5 1 7531 100 0.1 5616726 240
5 1 7852 100 0.1 5593816 250
5 1 8185 100 0.1 5593816 260
5 1 8516 100 0.1 5593816 270
5 1 8854 100 0.1 5593816 280
5 1 9171 100 0.1 5593816 290
5 1 9493 100 0.1 5593816 300
5 2 0 100 0.1 5766414 0
5 2 301 100 0.1 5649570 10
5 2 628 100 0.1 5649570 20
5 2 941 100 0.1 5643856 30
5 2 1263 100 0.1 5643856 40
5 2 1581 100 0.1 5643856 50
5 2 1912 100 0.1 5643856 60
5 2 2245 100 0.1 5643856 70
5 2 2575 100 0.1 5643856 80
5 2 2907 100 0.1 5635604 90
5 2 3238 100 0.1 5635604 100
5 2 3563 100 0.1 5635604 110
5 2 3863 100 0.1 5635604 120
5 2 4195 100 0.1 5635604 130
5 2 4531 100 0.1 5630770 140
5 2 4868 100 0.1 5630770 150
5 2 5208 100 0.1 5630770 160
5 2 5544 100 0.1 5630770 170
5 2 5878 100 0.1 5630770 180
5 2 6211 100 0.1 5630770 190
5 2 6547 100 0.1 5630770 200
5 2 6886 100 0.1 5630770 210
5 2 7222 100 0.1 5616252 220
5 2 7556 100 0.1 5616252 230
5 2 7886 100 0.1 5616202 240
5 2 8214 100 0.1 5616202 250
5 2 8548 100 0.1 5616202 260
5 2 8881 100 0.1 5614590 270
5 2 9211 100 0.1 5612286 280
5 2 9549 100 0.1 5612286 290
5 2 9886 100 0.1 5581716 300
5 3 0 100 0.1 5728012 0
5 3 297 100 0.1 5646670 10
5 3 631 100 0.1 5646670 20
5 3 964 100 0.1 5646670 30
5 3 1291 100 0.1 5646632 40
5 3 1627 100 0.1 5646632 50
5 3 1960 100 0.1 5646632 60
5 3 2284 100 0.1 5646632 70
5 3 2593 100 0.1 5632896 80
5 3 2908 100 0.1 5592378 90
5 3 3230 100 0.1 5592378 100
5 3 3560 100 0.1 5592378 110
5 3 3885 100 0.1 5592378 120
5 3 4215 100 0.1 5592378 130
5 3 4548 100 0.1 5592378 140
5 3 4880 100 0.1 5592378 150
5 3 5205 100 0.1 5592378 160
5 3 5516 100 0.1 5592378 170
5 3 5712 100 0.1 5592378 180
5 3 5943 100 0.1 5592378 190
5 3 6210 100 0.1 5592378 200
5 3 6416 100 0.1 5592378 210
5 3 6616 100 0.1 5592378 220
5 3 6842 100 0.1 5592378 230
5 3 7071 100 0.1 5592378 240
5 3 7340 100 0.1 5592378 250
5 3 7670 100 0.1 5592378 260
5 3 8003 100 0.1 5592378 270
5 3 8333 100 0.1 5592378 280
5 3 8661 100 0.1 5592378 290
5 3 8991 100 0.1 5592378 300
5 4 0 100 0.1 5747022 0
5 4 303 100 0.1 5677058 10
5 4 637 100 0.1 5673306 20
5 4 971 100 0.1 5668716 30
5 4 1306 100 0.1 5661950 40
5 4 1616 100 0.1 5631734 50
5 4 1939 100 0.1 5631734 60
5 4 2278 100 0.1 5631734 70
5 4 2620 100 0.1 5589062 80
5 4 2956 100 0.1 5589062 90
5 4 3295 100 0.1 5588660 100
5 4 3640 100 0.1 5588660 110
5 4 3980 100 0.1 5588660 120
5 4 4319 100 0.1 5588660 130
5 4 4658 100 0.1 5584940 140
5 4 5000 100 0.1 5584940 150
5 4 5335 100 0.1 5584940 160
5 4 5675 100 0.1 5584940 170
5 4 5994 100 0.1 5584940 180
5 4 6317 100 0.1 5584940 190
5 4 6639 100 0.1 5584940 200
5 4 6968 100 0.1 5584940 210
5 4 7307 100 0.1 5584940 220
5 4 7648 100 0.1 5584940 230
5 4 7987 100 0.1 5584940 240
5 4 8325 100 0.1 5584940 250
5 4 8654 100 0.1 5584940 260
5 4 8977 100 0.1 5584940 270
5 4 9302 100 0.1 5584940 280
5 4 9630 100 0.1 5584940 290
5 4 9959 100 0.1 5584940 300
5 5 0 100 0.1 5737624 0
5 5 299 100 0.1 5668160 10
5 5 629 100 0.1 5668160 20
5 5 958 100 0.1 5666426 30
5 5 1287 100 0.1 5666426 40
5 5 1616 100 0.1 5666426 50
5 5 1944 100 0.1 5651966 60
5 5 2277 100 0.1 5651966 70
5 5 2603 100 0.1 5651966 80
5 5 2928 100 0.1 5645978 90
5 5 3255 100 0.1 5639968 100
5 5 3591 100 0.1 5631922 110
5 5 3926 100 0.1 5631922 120
5 5 4260 100 0.1 5631922 130
5 5 4594 100 0.1 5631922 140
5 5 4931 100 0.1 5631922 150
5 5 5267 100 0.1 5631922 160
5 5 5603 100 0.1 5631922 170
5 5 5936 100 0.1 5631922 180
5 5 6270 100 0.1 5631922 190
5 5 6603 100 0.1 5631922 200
5 5 6935 100 0.1 5631922 210
5 5 7270 100 0.1 5631922 220
5 5 7577 100 0.1 5631922 230
5 5 7903 100 0.1 5631922 240
5 5 8198 100 0.1 5631922 250
5 5 8521 100 0.1 5631922 260
5 5 8852 100 0.1 5631922 270
5 5 9186 100 0.1 5631922 280
5 5 9515 100 0.1 5631922 290
5 5 9843 100 0.1 5631922 300
6 1 0 10 0.1 5827206 0
6 1 3213 10 0.1 5675722 10
6 1 6469 10 0.1 5670120 20
6 1 9521 10 0.1 5657876 30
6 1 12757 10 0.1 5657876 40
6 1 16043 10 0.1 5657876 50
6 1 19304 10 0.1 5657876 60
6 1 22673 10 0.1 5657876 70
6 1 26031 10 0.1 5657876 80
6 1 29367 10 0.1 5657876 90
6 1 32709 10 0.1 5644930 100
6 1 36059 10 0.1 5644930 110
6 1 39391 10 0.1 5644930 120
6 1 42734 10 0.1 5644930 130
6 1 46071 10 0.1 5644930 140
6 1 49418 10 0.1 5644930 150
6 1 52758 10 0.1 5630014 160
6 1 56105 10 0.1 5630014 170
6 1 59461 10 0.1 5630014 180
6 1 62822 10 0.1 5630014 190
6 1 66178 10 0.1 5630014 200
6 1 69500 10 0.1 5630014 210
6 1 72787 10 0.1 5630014 220
6 1 76083 10 0.1 5630014 230
6 1 79396 10 0.1 5630014 240
6 1 82728 10 0.1 5589240 250
6 1 86066 10 0.1 5589240 260
6 1 89394 10 0.1 5566152 270
6 1 92704 10 0.1 5566152 280
6 1 96028 10 0.1 5566152 290
6 1 99307 10 0.1 5566152 300
6 2 0 10 0.1 5821700 0
6 2 3268 10 0.1 5605968 10
6 2 6549 10 0.1 5572976 20
6 2 9798 10 0.1 5572976 30
6 2 13113 10 0.1 5572976 40
6 2 16455 10 0.1 5572976 50
6 2 19812 10 0.1 5572976 60
6 2 23158 10 0.1 5572976 70
6 2 26492 10 0.1 5572976 80
6 2 29766 10 0.1 5572976 90
6 2 33015 10 0.1 5572976 100
6 2 36270 10 0.1 5572976 110
6 2 39629 10 0.1 5572976 120
6 2 43024 10 0.1 5572976 130
6 2 46384 10 0.1 5572976 140
6 2 49762 10 0.1 5572976 150
6 2 53109 10 0.1 5572976 160
6 2 56425 10 0.1 5572976 170
6 2 59362 10 0.1 5572976 180
6 2 62713 10 0.1 5572976 190
6 2 66002 10 0.1 5572976 200
6 2 69167 10 0.1 5572976 210
6 2 72506 10 0.1 5519394 220
6 2 75776 10 0.1 5519394 230
6 2 79098 10 0.1 5519394 240
6 2 82443 10 0.1 5519394 250
6 2 85749 10 0.1 5519394 260
6 2 89131 10 0.1 5519394 270
6 2 92535 10 0.1 5519394 280
6 2 95968 10 0.1 5519394 290
6 2 99335 10 0.1 5519394 300
6 3 0 10 0.1 5879740 0
6 3 3276 10 0.1 5638272 10
6 3 6518 10 0.1 5638272 20
6 3 9811 10 0.1 5638272 30
6 3 13106 10 0.1 5638272 40
6 3 16338 10 0.1 5638272 50
6 3 19590 10 0.1 5638272 60
6 3 22227 10 0.1 5638272 70
6 3 25521 10 0.1 5638272 80
6 3 28821 10 0.1 5638272 90
6 3 32012 10 0.1 5638272 100
6 3 35331 10 0.1 5638272 110
6 3 38563 10 0.1 5637792 120
6 3 41841 10 0.1 5637792 130
6 3 45075 10 0.1 5637792 140
6 3 48440 10 0.1 5637792 150
6 3 51821 10 0.1 5637792 160
6 3 55185 10 0.1 5637792 170
6 3 58540 10 0.1 5637792 180
6 3 61877 10 0.1 5637792 190
6 3 65254 10 0.1 5637792 200
6 3 68637 10 0.1 5637792 210
6 3 72007 10 0.1 5633630 220
6 3 75374 10 0.1 5630908 230
6 3 78679 10 0.1 5630908 240
6 3 81989 10 0.1 5630908 250
6 3 85326 10 0.1 5629520 260
6 3 88643 10 0.1 5621984 270
6 3 92021 10 0.1 5621984 280
6 3 95345 10 0.1 5621984 290
6 3 98718 10 0.1 5621984 300
6 4 0 10 0.1 5790518 0
6 4 3295 10 0.1 5677058 10
6 4 6634 10 0.1 5656984 20
6 4 10007 10 0.1 5655294 30
6 4 13375 10 0.1 5655294 40
6 4 16741 10 0.1 5651624 50
6 4 20105 10 0.1 5636258 60
6 4 23494 10 0.1 5636258 70
6 4 26878 10 0.1 5636258 80
6 4 30241 10 0.1 5636258 90
6 4 33623 10 0.1 5636258 100
6 4 37016 10 0.1 5636258 110
6 4 40352 10 0.1 5636258 120
6 4 43705 10 0.1 5636258 130
6 4 47063 10 0.1 5636258 140
6 4 50442 10 0.1 5636258 150
6 4 53825 10 0.1 5636258 160
6 4 57212 10 0.1 5636258 170
6 4 60586 10 0.1 5636258 180
6 4 63959 10 0.1 5636258 190
6 4 67280 10 0.1 5636258 200
6 4 70639 10 0.1 5636258 210
6 4 74033 10 0.1 5636258 220
6 4 77430 10 0.1 5636258 230
6 4 80817 10 0.1 5636258 240
6 4 84188 10 0.1 5636258 250
6 4 87301 10 0.1 5636258 260
6 4 90533 10 0.1 5636258 270
6 4 93759 10 0.1 5622714 280
6 4 97018 10 0.1 5622714 290
6 4 100405 10 0.1 5622714 300
6 5 0 10 0.1 5751798 0
6 5 3301 10 0.1 5668160 10
6 5 6641 10 0.1 5666426 20
6 5 9995 10 0.1 5666426 30
6 5 13332 10 0.1 5666426 40
6 5 16684 10 0.1 5662372 50
6 5 20052 10 0.1 5662372 60
6 5 23386 10 0.1 5659230 70
6 5 26733 10 0.1 5659230 80
6 5 30106 10 0.1 5625954 90
6 5 33494 10 0.1 5625954 100
6 5 36896 10 0.1 5625954 110
6 5 40292 10 0.1 5625954 120
6 5 43693 10 0.1 5625954 130
6 5 47078 10 0.1 5625954 140
6 5 50483 10 0.1 5625954 150
6 5 53640 10 0.1 5625954 160
6 5 56949 10 0.1 5624758 170
6 5 60281 10 0.1 5624758 180
6 5 63537 10 0.1 5615000 190
6 5 66731 10 0.1 5615000 200
6 5 69932 10 0.1 5615000 210
6 5 72993 10 0.1 5615000 220
6 5 75756 10 0.1 5615000 230
6 5 78963 10 0.1 5615000 240
6 5 82234 10 0.1 5615000 250
6 5 85466 10 0.1 5615000 260
6 5 88620 10 0.1 5615000 270
6 5 91600 10 0.1 5615000 280
6 5 94857 10 0.1 5615000 290
6 5 98082 10 0.1 5615000 300
